term	tfidf	tf	score
phonetics	5.08128085273e-07	6.83495417437e-08	3.47303217755e-14
metacognition	9.21503586242e-07	1.36699083487e-07	1.2596869567e-13
gestalt	9.21503586242e-07	1.36699083487e-07	1.2596869567e-13
grief	9.21503586242e-07	1.36699083487e-07	1.2596869567e-13
prejudice	1.01625617055e-06	1.36699083487e-07	1.38921287102e-13
intonation	1.29911531637e-06	2.05048625231e-07	2.66381809637e-13
instinct	1.65350200388e-06	2.73398166975e-07	4.52064416948e-13
proprioception	1.65350200388e-06	2.73398166975e-07	4.52064416948e-13
incubation	1.65350200388e-06	2.73398166975e-07	4.52064416948e-13
assimilation	1.65350200388e-06	2.73398166975e-07	4.52064416948e-13
dispositions	1.65350200388e-06	2.73398166975e-07	4.52064416948e-13
intentionality	1.65350200388e-06	2.73398166975e-07	4.52064416948e-13
chunking	1.65350200388e-06	2.73398166975e-07	4.52064416948e-13
imageability	1.73215375516e-06	2.73398166975e-07	4.73567661578e-13
gustation	1.84300717248e-06	2.73398166975e-07	5.03874782678e-13
imprinting	1.84300717248e-06	2.73398166975e-07	5.03874782678e-13
framing	2.31397287982e-06	4.10097250462e-07	9.48953915658e-13
lemma	2.38874244896e-06	4.10097250462e-07	9.79616710381e-13
metaphor	2.38874244896e-06	4.10097250462e-07	9.79616710381e-13
pronunciation	2.48025300581e-06	4.10097250462e-07	1.01714493813e-12
chunk	2.76451075873e-06	4.10097250462e-07	1.13371826103e-12
deception	3.08529717309e-06	5.46796333949e-07	1.68702918339e-12
frustration	3.08529717309e-06	5.46796333949e-07	1.68702918339e-12
orthography	3.08529717309e-06	5.46796333949e-07	1.68702918339e-12
grapheme	3.30700400775e-06	5.46796333949e-07	1.80825766779e-12
melody	3.85662146637e-06	6.83495417437e-07	2.63598309905e-12
irony	3.85662146637e-06	6.83495417437e-07	2.63598309905e-12
kinesthesia	3.98123741493e-06	6.83495417437e-07	2.72115752884e-12
humor	4.13375500969e-06	6.83495417437e-07	2.82540260593e-12
altruism	4.13375500969e-06	6.83495417437e-07	2.82540260593e-12
subconscious	3.93743671535e-06	7.5184495918e-07	2.96034194653e-12
wisdom	3.93743671535e-06	7.5184495918e-07	2.96034194653e-12
attitude	4.12638620142e-06	7.5184495918e-07	3.10240266517e-12
skepticism	4.12638620142e-06	7.5184495918e-07	3.10240266517e-12
somatosensation	4.05943025381e-06	8.20194500924e-07	3.32952237106e-12
metamemory	4.62794575964e-06	8.20194500924e-07	3.79581566263e-12
connotation	4.75798971462e-06	8.88544042668e-07	4.227683416e-12
dream	4.87663823804e-06	8.88544042668e-07	4.33310785466e-12
regret	5.12398892343e-06	9.56893584411e-07	4.90311212743e-12
prosody	4.84551142514e-06	1.02524312615e-06	4.96782728133e-12
alveolar	5.26121174012e-06	1.02524312615e-06	5.3940211718e-12
audition	5.34614727626e-06	1.16194220964e-06	6.21191417926e-12
reconsolidation	6.00201629298e-06	1.0935926679e-06	6.56376101061e-12
conversation	6.08914538072e-06	1.23029175139e-06	7.49142533489e-12
automaticity	5.90087750289e-06	1.29864129313e-06	7.66312319095e-12
constancy	6.80102705378e-06	1.29864129313e-06	8.83209456773e-12
olfaction	7.10400294417e-06	1.43534037662e-06	1.01966622614e-11
lexicon	7.22889388679e-06	1.43534037662e-06	1.0375923274e-11
prototype	7.21049397549e-06	1.50368991836e-06	1.08423470973e-11
surprise	7.9922830384e-06	1.91378716882e-06	1.52955287285e-11
egocentric	8.72192056524e-06	1.84543762708e-06	1.60957603915e-11
desire	8.20291522878e-06	1.98213671057e-06	1.62592994086e-11
unisensory	9.92101202325e-06	1.64038900185e-06	1.62743190101e-11
misattribution	8.98600424657e-06	1.84543762708e-06	1.65831103537e-11
attachment	9.20631091065e-06	2.05048625231e-06	1.88774139568e-11
habit	8.93170132913e-06	2.11883579405e-06	1.89248084779e-11
conceptualization	8.95113860891e-06	2.25553487754e-06	2.01896053261e-11
analogy	9.17317362648e-06	2.25553487754e-06	2.06904130523e-11
parsing	9.33435181206e-06	2.25553487754e-06	2.10539560713e-11
happiness	9.60001555696e-06	2.25553487754e-06	2.16531699137e-11
crossmodal	1.08700375053e-05	2.39223396103e-06	2.60036728779e-11
nociception	1.17989901417e-05	2.46058350277e-06	2.90324004921e-11
syntax	1.25165766159e-05	2.52893304452e-06	3.16535842082e-11
acuity	1.12183242945e-05	2.87068075323e-06	3.22042276357e-11
belief	1.24046011286e-05	3.07572937846e-06	3.81531961192e-11
discourse	1.46759004845e-05	2.80233121149e-06	4.11267339844e-11
forgetting	1.45969075072e-05	3.21242846195e-06	4.68915211325e-11
articulation	1.55286250076e-05	3.41747708718e-06	5.3068720159e-11
logic	1.38848891174e-05	3.82757433765e-06	5.31454452667e-11
cueing	1.5601891335e-05	3.55417617067e-06	5.54518704002e-11
inattention	2.08859900874e-05	5.26291471426e-06	1.09921184553e-10
imagination	2.23458725198e-05	5.39961379775e-06	1.20659081581e-10
crosstalk	2.33376712148e-05	5.53631288124e-06	1.29204649765e-10
rehearsal	2.19814269317e-05	5.9464101317e-06	1.30710579816e-10
introspection	2.15450644554e-05	6.15145875693e-06	1.32533575413e-10
categorization	2.39702711835e-05	6.76660463262e-06	1.62197348036e-10
updating	2.45465004039e-05	6.76660463262e-06	1.66096463348e-10
intention	2.44004878812e-05	7.92854684226e-06	1.9346041114e-10
hallucination	2.8631420713e-05	7.0400027996e-06	2.01565281976e-10
expertise	2.67094518594e-05	8.27029455098e-06	2.20895034172e-10
retention	2.86480147396e-05	8.27029455098e-06	2.36927520197e-10
generalization	2.92647423255e-05	9.22718813539e-06	2.70031283171e-10
narrative	3.18388174731e-05	9.09048905191e-06	2.89430421664e-10
resource	2.89940102492e-05	1.03207808033e-05	2.9924082439e-10
lying	3.24795826414e-05	1.29180633896e-05	4.19573307428e-10
gaze	3.99394563095e-05	1.1209324846e-05	4.47694339945e-10
sadness	3.9756418761e-05	1.14143734712e-05	4.53794611616e-10
morphology	3.51085024007e-05	1.3054762473e-05	4.58333159625e-10
distraction	3.82965503247e-05	1.22345679721e-05	4.68541748045e-10
remembering	3.81705412025e-05	1.33965101818e-05	5.11352043863e-10
expectancy	4.63350705717e-05	1.23712670556e-05	5.73223532083e-10
excitation	3.84757007653e-05	1.49002001001e-05	5.73295640396e-10
reasoning	4.05565158909e-05	1.61304918515e-05	6.54196549103e-10
naming	4.89218037926e-05	1.72924340611e-05	8.45977066235e-10
anticipation	5.07437435622e-05	1.72924340611e-05	8.77482839566e-10
adaptation	4.56447227177e-05	2.01631148144e-05	9.20339784828e-10
schema	6.25219093039e-05	1.48318505584e-05	9.27315615419e-10
valence	5.25472957805e-05	1.77025313116e-05	9.30220148895e-10
routine	4.76928877431e-05	2.01631148144e-05	9.61637171394e-10
uncertainty	4.89516135472e-05	2.09149597736e-05	1.02382102819e-09
rule	4.56071807883e-05	2.47425341112e-05	1.12843722637e-09
competition	5.27627697814e-05	2.15301056493e-05	1.13598800774e-09
effort	4.93709107832e-05	2.59728258626e-05	1.28230206845e-09
utility	5.19327282005e-05	2.55627286121e-05	1.32754223708e-09
meaning	5.03056843487e-05	2.65196221965e-05	1.33408774327e-09
consolidation	6.17822949869e-05	2.21452515249e-05	1.36818446227e-09
induction	6.06373918701e-05	2.46741845695e-05	1.49617819881e-09
familiarity	7.01853479193e-05	2.15301056493e-05	1.51109795573e-09
navigation	5.88256758606e-05	2.62462240296e-05	1.54395186733e-09
judgment	6.88653352395e-05	2.53576799869e-05	1.74626513319e-09
skill	7.21857679143e-05	2.51526313617e-05	1.81566200991e-09
insight	5.5613498276e-05	3.36963240796e-05	1.87397046111e-09
multisensory	9.1374653372e-05	2.54943790704e-05	2.32954005049e-09
empathy	9.38032745207e-05	2.87751570741e-05	2.6992039584e-09
coordination	7.29953053975e-05	3.70454516251e-05	2.70414405496e-09
listening	9.23135621713e-05	3.15774882856e-05	2.91503042806e-09
concept	6.64162843855e-05	4.57941929683e-05	3.04148014339e-09
manipulation	7.60374391035e-05	4.21716672558e-05	3.20662558086e-09
inference	7.34663212905e-05	4.51790470926e-05	3.3191383893e-09
feedback	8.06124998879e-05	4.6135940677e-05	3.71913351265e-09
strategy	8.27459734315e-05	5.05103113486e-05	4.17952488086e-09
maintenance	8.86161664556e-05	4.72978828866e-05	4.19135706288e-09
intelligence	9.0825821144e-05	4.68877856362e-05	4.25862163203e-09
planning	9.21498127059e-05	4.75712810536e-05	4.38368463927e-09
communication	8.39588699397e-05	5.24924480591e-05	4.40720661941e-09
fear	0.000110680182585	4.29918617568e-05	4.7583471089e-09
interference	0.000104994621618	5.03052627233e-05	5.28178202505e-09
recall	0.000103868898873	5.1467204933e-05	5.34584190445e-09
imagery	0.00010841835928	5.19456517252e-05	5.63186233177e-09
arousal	0.000105929559008	5.43378856862e-05	5.75598826817e-09
choice	9.31876431737e-05	6.86912894524e-05	6.40117937063e-09
priming	0.000144370384438	4.44955516751e-05	6.42383990112e-09
knowledge	8.21283258667e-05	9.52792611907e-05	7.82512621141e-09
comprehension	0.000145728497777	5.79604113986e-05	8.44648368368e-09
focus	9.79199003418e-05	0.00010546334291	1.03269600275e-08
goal	0.000102669397802	0.000101225671322	1.03927787168e-08
awareness	0.000133972364671	7.84652739217e-05	1.05121782919e-08
action	0.000116338254733	9.50742125654e-05	1.106076796e-08
filtering	0.000103474673353	0.000108265674122	1.12027552652e-08
inhibition	0.000130523897787	9.172508502e-05	1.19723156216e-08
monitoring	0.000117722083007	0.000104028002534	1.22463931494e-08
rhythm	0.000169638213267	7.73716812538e-05	1.31251937654e-08
reward	0.000171173371614	7.82602252965e-05	1.33960666273e-08
context	0.000115291578736	0.000121798883387	1.4042385554e-08
salience	0.000161575692135	9.80815924022e-05	1.58476011781e-08
mood	0.000167534176598	9.64412034003e-05	1.61571976018e-08
reading	0.000167598745533	9.68513006508e-05	1.62321564923e-08
fixation	0.000160851145401	0.000105394993369	1.69529054029e-08
perception	0.00013889430573	0.000124737913682	1.73253859191e-08
recognition	0.000169126050662	0.000117424512716	1.98595440865e-08
retrieval	0.000193209639822	0.000116194220964	2.24498435818e-08
stress	0.000224154772999	0.000105189944743	2.35788281857e-08
cognition	0.000140784081662	0.000173197738778	2.43834845999e-08
integration	0.000151489196462	0.000161851714849	2.45187862284e-08
consciousness	0.000191715065674	0.000132188013732	2.5342433734e-08
efficiency	0.000212242623773	0.000126446652226	2.68373692357e-08
decision	0.000192029131124	0.000140595007367	2.69983371049e-08
emotion	0.000196680749363	0.000149685496419	2.94402556044e-08
encoding	0.000151646280355	0.000212020278489	3.21520865926e-08
movement	0.000173948323889	0.000228970964841	3.98291155535e-08
association	0.000159772129867	0.000252414857659	4.03288594183e-08
learning	0.000211706876232	0.000229859508884	4.86628385979e-08
risk	0.000274411419668	0.000218786883121	6.00376192022e-08
language	0.000271050721632	0.00025713097604	6.96955366096e-08
search	8.80770846854e-05	0.00110240975878	9.70970376824e-08
attention	0.000259726151265	0.000650961035567	1.69071604391e-07
pain	0.000584855949798	0.000310238569974	1.81444873506e-07
activation	0.0001887788232	0.00116631658031	2.20175871511e-07
memory	0.000356030644135	0.0010244912812	3.64750290755e-07
