19463854
16808824
14608034
18722533
21336272
19961876
20362676
22998867
12781739
21435566
16829250
18665257
22782131
11056838
12377163
23127796
18234525
15733787
18952917
22496909
21317080
22875902
22387170
21489409
21722703
20934985
21493790
23103687
21346736
12651931
15677422
22579726
20084170
18194182
15924866
17533001
21555604
19782667
22885534
22498897
22504841
22465842
23052545
11559962
10949053
19146355
10576708
18661163
17403978
8588580
20971474
21228298
17509898
22875088
20514143
19561062
16633442
19967599
23060787
10841995
17803973
21499781
23118799
20444566
22708993
21998628
18838099
21922601
9278625
11598490
22915997
22915996
10871250
22940641
18307200
19320546
20444445
19968042
10993455
14673091
20838644
10511638
17997112
19712744
22357634
17644415
21938756
19079541
18632934
22231619
16973382
19036867
21391760
21391763
19521503
16086141
16193469
17009108
21310593
15607991
22784275
22000080
22554168
17894392
19619661
17377514
21203784
22624008
17928332
18937282
23035965
15379222
11604609
22789908
21296027
19642887
11136626
22363313
22631620
22230228
17368915
15919598
23286111
18777560
12925933
19307050
15618785
22434239
21035587
11126640
17686466
22056529
23079491
23250883
21107542
18534567
23250886
18187361
22160708
19964099
17034034
21315627
10636139
17315146
15769206
21945695
15347134
22119646
21676110
20345920
18344177
21487836
9880170
17123836
22374771
16154446
14568492
15975591
12747160
18033768
18950528
17992087
19237342
11388916
23097663
16282201
20974272
16324799
16404228
18607198
23099059
20811324
15910093
20394829
12667855
21596533
17493957
21519384
17876242
18439140
17548818
20828626
21175574
11467906
19041348
21976396
23067727
21761652
22815515
10601675
22382359
16777432
22409340
11176305
21126588
22355285
22936905
22285603
14628754
17910601
22467830
22217336
21172692
19963621
16082131
15615089
7760717
22973224
15845159
11398009
22513380
19269336
12220872
17725995
19515922
19309321
22304923
9345510
23109521
22738433
18784212
17134917
20581686
21906995
20184808
22734382
21927631
7665421
20976739
23165021
22108503
22525159
23361489
9710490
22796989
23169930
18548822
15488408
20634915
22796982
14568479
20589235
20109973
17299507
22197740
12840082
20804852
23124385
15221172
19118180
22711287
19118182
18814461
22128194
18206238
11085890
22863548
16757180
9695877
21843646
21952143
18304592
20299799
21854321
22993529
18051050
20807578
9450765
17071224
17659557
23060772
20807576
19940175
20932913
22581200
19940176
19709972
16361940
21677029
22108614
21358707
22128669
9788081
20365563
19503749
9100129
17432973
16626944
17488202
18978778
18589405
19255447
17354695
21618666
22968697
18840533
21402618
8965184
21404363
15528111
18077520
21787796
15528119
15528118
22567832
22285221
16307253
19288462
14568509
22433049
19800943
22437567
21723396
17390351
17390353
21762712
22433047
9800089
21441396
20366857
16840928
11988605
22490172
17707170
19288466
10510191
16268374
22738183
12464550
20674286
22832566
8584633
11595499
16945421
12210932
16226895
15733794
22403536
15733791
16340161
17990304
22673372
22846657
22387165
23367163
18310995
19687293
18754766
17359924
21673969
22941724
22209809
18620468
20619317
17280966
22895403
17584775
19483110
16837593
9533585
18222935
18211240
18790063
21119770
17090978
19798637
22875083
21375473
19302164
19302165
23041713
21907479
10864281
21390284
22305988
22019860
15784432
11848715
21747127
17968886
20159144
20603148
21390119
12807845
19345786
22484206
16824972
9772020
16568419
21637831
17074949
20830290
18848805
20058735
18050322
22531427
22036675
18728773
22534625
10426407
23286053
22673802
9783090
10096335
19327403
16950225
22558196
19160509
22030140
16740378
9699694
15006659
21920502
21784971
21620708
22562716
12450490
16850117
16407110
21932994
17188903
12509820
15766639
21720734
19427909
20347043
20149885
20829245
11339749
23251704
18296434
10202577
15844153
21145902
19152735
19583477
22394673
20948800
15862232
15325374
12133565
11175924
15877310
15157701
20435204
11033217
18479871
15451657
18479875
18326521
20724031
21672250
17042953
11793159
11746942
18534578
9853648
15707797
15707794
15707795
22557959
22229646
22245647
20188182
21536077
19730736
20188187
17881514
18028117
22038706
15847570
22842866
22200724
21803163
17108155
22168930
15006658
20195459
18951556
22944020
23028560
15275904
15456705
22248576
22349892
22248574
22248575
14561939
10674469
22363273
12205645
21546073
15701225
18383291
21881848
20378397
21073458
22209811
19716894
22266414
22596271
21604958
22266411
23230612
22750124
21147233
22342463
17196400
19938103
17999985
11386151
22001222
19349234
16632380
23051113
11467910
21912680
17360817
19108604
11976042
9724802
11893006
22751038
18037013
16767418
22514564
21147519
21147518
22726830
20659822
23082194
19384602
22684096
19457367
19210199
16981864
22166794
21527788
21527789
12808458
12808459
23166657
22343026
21554775
19715709
19376239
11527277
18329290
19439588
22815510
9735432
22569063
22569064
18412113
19442868
8815903
19442867
17524667
22122866
12212776
17426386
20629632
19025940
21490204
18353589
19714255
12482091
15488411
19394205
17762708
20670970
20547470
19899828
9736662
18434200
21567664
23316178
22587751
16303318
22789669
22710361
21911029
22266924
21276242
20595201
11819054
20619279
15705935
9702702
12821854
19579230
19641018
21568635
9740760
11549616
22951258
17570347
19913624
19913627
21375601
23127893
10383093
22281931
17884583
21095229
20454842
21441991
22085483
22287947
21513720
19559798
22274804
22407235
18845009
21962775
23366379
17566768
18839097
9889935
15678532
15298991
18985141
22673896
16126922
22255949
22387716
20471349
22432905
22811215
19300986
17888688
10378741
15181366
21220070
14597330
20636208
17888686
17354068
20943668
23142654
22285821
21440073
9324320
16932147
17786816
9333561
22433051
22433050
19259970
22433052
17989170
21983794
17296986
17323222
11216516
12453673
23265620
18077798
21083650
22508366
11199459
17542641
21335308
14664134
23049617
9836766
22843414
22232595
21680848
21122468
17049147
21206267
22082003
21220676
21466793
15110008
21900068
21163303
20948582
12601212
18647901
20533558
21235308
17524589
19384332
20851772
22512355
18752410
18331812
21939773
21255633
14696899
22350719
21810628
19836143
17490991
12697616
21784302
22052285
10751455
23084874
9756353
20144945
21079751
17025676
16598192
22766770
12062886
22333222
19699307
21645589
19570637
23012427
20146612
19375455
15145996
20088418
22960664
20364434
21734279
21798516
20204074
21289179
22617355
12853369
21629709
23029097
19928018
21362687
21063144
19513318
20833501
21888982
17869314
17719799
21992220
18937119
21565412
19079567
19240137
22829269
21571326
22481745
17448507
16679504
19500679
12451150
19850450
21078974
17614230
23312799
12669220
20235336
16949111
19450695
20826657
19416820
9788073
20623435
14527591
11865144
18702576
22524296
21495114
21160543
10619411
17320049
15319519
16043369
19933371
19103296
23165872
21741093
21160549
21984928
20096269
23165874
23165875
17615246
20159769
23071485
15325361
15325360
20488671
20101420
18307211
22837521
16624589
22415913
20472076
20472074
20472075
21484950
11723198
22549972
20188190
10629891
22841307
22443526
22798398
11080231
16759672
20834040
18037883
15815559
22514285
15486986
22917204
22363208
11839836
17574873
19035823
22727763
10493903
23015426
15701236
22841782
22328061
23250889
15734358
22910274
15734355
22266174
15930389
22745496
20423709
10390724
15849899
19101842
19163695
18271742
11467923
22393216
23479947
22345370
17115869
23285171
19443186
22964986
12876476
19379537
17329470
14744896
21632945
21621263
22941718
20853181
21554963
20357471
14725920
17428996
22726828
19555654
14725929
22133748
11122904
20510373
17579609
23250884
22689768
18461157
19631756
19631757
15937010
19996041
21451034
22006990
15670706
12414300
15082152
20065955
22256611
18226833
22993433
22503778
22990206
18781594
11287131
20664580
17560126
17881532
20194482
17995910
20570495
21224491
19208905
21704171
22840435
16919480
22500773
20381530
12768582
20452443
12376770
18786565
22135102
15588609
15588608
22173012
20687206
10686114
15588603
20957650
22328062
23365829
22707946
18559854
23001620
15588593
22353426
15588591
16409074
19200075
20959121
12235839
22654748
22577304
18535247
19447183
22654746
20699229
9432155
20876002
21041200
17015090
11166937
11971086
20426086
18467520
16735181
20413448
18839089
21481335
20644633
21304991
14980569
12119315
14980567
22395719
16861334
22736522
16296449
19560121
19649252
19607927
21256228
22510256
19121401
15610393
22628125
20589879
23480741
22138253
20813478
15501096
22617448
21866371
12091565
21407123
16476670
22699044
22699045
18045924
23227008
19242558
18043350
23185334
12091568
21697380
19387980
17239107
21623362
12111473
22906787
20521849
18374274
22196109
9929474
19964570
18057954
21047701
19072894
17189619
19073802
22514308
21930304
22551729
20096730
15830595
20845228
21206528
22688567
10466149
19790053
21550407
18032658
19539269
19539268
16828063
18172338
19584686
17023184
21204443
21408092
19414462
22563003
14972366
22539820
22593748
18824236
20558187
16767087
21389236
19047359
21586826
14683697
19433790
19414310
17538223
23293594
23293596
12447936
15523610
16624579
22125521
19896873
21330621
22245340
10467305
10467302
16151536
21906689
19109060
19435709
22307639
10208604
21768385
17282702
19910167
22384043
21708219
22048461
16633288
11821897
15275928
20610989
21968196
22159116
10340314
20943902
20221947
21568644
19936318
15993771
15961229
22972952
16269111
19781755
20554884
21311605
20101037
16733091
15722206
22396302
21238510
20375250
17921875
10338344
23281174
20051230
9005863
21109485
9819283
20598764
22722065
18981342
20598763
16815039
15723978
21340747
11723277
17904385
12806834
20434565
18458208
22705375
20622155
22991468
18544183
19727810
16124015
21741081
19400718
23233279
18003379
21416561
21416560
19545617
16046076
22934122
10817599
21940437
18583155
16822972
20110617
15911063
18793731
17920009
16120794
20728549
12524459
22768059
16019230
19812344
18752396
18801435
21078639
22557992
15192010
17991788
19389870
22699916
19657971
18002382
18521000
15050556
21677275
23131737
16301183
21051928
22245355
22974690
20637787
15734346
23087619
9577677
22664567
21515388
15951840
16957082
18784475
22877578
19755103
15784425
15784427
11244551
22393203
17315226
16919850
23154055
21334099
17884110
23118992
16677939
19280694
20505110
17236244
19710319
10913505
23151990
21500313
19068486
15167540
22250608
22776455
18541489
20808693
16269249
16860474
17259855
18620069
17989279
22056463
21329677
12450947
22147451
18281300
19290044
22952624
17079517
16824632
20600322
23155479
19387615
15964211
17691627
22371620
22765879
8941961
21188254
22555622
22905818
10071706
9120421
21425392
22432454
22432455
20877642
22432453
22432450
22918987
21896732
21040571
22138427
20207188
18591475
22115994
22965806
23300524
21234815
10349031
19788568
17958482
15976020
23197700
18674871
22915309
20678494
22808026
19782695
18602745
23227167
12880897
17629500
14731377
18564257
21984582
11095535
10332877
9345549
19789183
23284783
23128080
22285219
21871573
19253363
22696432
15838110
11501738
15505972
14980558
17392459
12843786
21703287
20679633
21256233
17301167
21333661
19560134
16087451
17490992
12650178
17490990
11502421
17179865
19955295
21421063
20815871
19356836
21577250
22521477
22521476
23185305
22700085
21482547
22401756
22883430
20521852
12500097
22883925
11395018
20521858
21041625
21955933
18397518
12704760
22737119
18480282
17955290
22209640
23042731
21382330
20655361
11513374
9810483
18519527
19850507
17427242
22068921
19264428
19963903
23144994
17039225
22978709
16257237
20715084
17178407
20715080
20715083
15305128
21264651
22879350
12377135
16686658
18656545
21339377
18254549
22518101
10588117
19345737
21452938
15708233
17936017
21193273
20034014
20217379
15890160
15721085
16236282
18345980
22819967
22721379
20096791
18054866
19353669
21512843
20153942
21936901
20801079
22721374
22721375
20229392
15502266
21441638
15502269
22290265
17142173
16702548
21808615
21130847
16416435
20188659
16706860
23285097
20610991
18345988
15616134
10969940
11474968
16990015
19580827
19698149
21195697
10659085
17615325
21213411
21430585
15389942
11435947
20502995
17376996
20357121
22065300
22546028
20573339
16371474
11459767
19876663
22629308
11969331
19446957
9256096
21515713
20869449
22383502
21124954
22925560
15662518
17904390
20869446
21084608
22216229
22881275
21377644
20443173
21352923
7628907
19420090
15707801
19553481
21557647
23093925
22255441
11074868
22484411
18829135
18620789
18004139
12948703
12948702
20188516
20101481
20146832
18605869
15598546
15450228
16847376
22889284
21847374
11945189
20728554
15278415
17653109
18590728
19880203
21897814
18423575
22236372
20661461
22326987
23449679
21312401
22555573
16079793
17094121
22395089
22939367
18706507
15652307
21514391
12754178
21570470
16506425
17946484
22438291
17957704
19100840
9098207
15050588
20003075
10217445
19956404
23230425
10413568
20423509
16677944
16677945
16677946
16677947
19300473
19470806
16157367
16129625
18079290
17889566
21835227
17412733
10895512
19755575
22807481
17884586
22751356
20161994
11248106
18651270
15824359
19712459
12414256
22298195
22580171
11169871
16585053
19226186
23017598
17617658
19376064
18845262
21976513
11879658
22345222
20828302
18413702
21616623
21030316
18641610
18454454
21371689
18249420
12775191
21677649
15037125
11677401
17314240
16547508
21228301
17884585
21543619
21635235
9923726
20879232
20138910
20709145
23015371
12578924
21295015
18839086
22986358
10669519
11384907
16725349
20589101
17620483
22986355
20393055
22986357
15721186
16761264
22393019
19571269
18674847
20889428
18344176
20805236
18367428
23550176
23284719
22291636
21586331
22795367
18617562
21364772
20227508
20816974
15182317
22201897
22645252
16631130
20008455
16827876
19450692
19864557
19553476
9344822
21925609
19775500
9344826
14615638
22809740
22809741
22696421
16806985
17937229
22246962
15921932
18455837
22218270
21536897
12878701
17990300
23226956
11157563
12814595
22833717
21316472
20409662
17274023
18385328
21279623
19770058
22546319
12746267
20123024
22760159
21408065
19595679
21357528
10423500
17390317
23366942
22479172
22479173
16536991
17374909
19242052
16165274
21195195
19361264
17281600
19351894
16859985
12169267
19003478
19003479
11163257
20211668
19837177
20832483
12725758
17326118
20832486
17936247
19777271
18445533
22115948
15913008
17393045
18198268
21881566
19959345
23355820
21440644
22941431
20140099
9405698
21368038
21440643
21037796
17360506
18768701
21761690
23185007
22539930
17916608
18578604
22485128
21471390
20844129
18631949
22875921
19477159
12599751
20017117
21878394
19058786
22107761
19172623
19356262
21248684
12757912
19480987
21632943
15831395
22917883
21620907
23012417
19788882
19163745
17161627
17161624
22624835
16788060
10948777
20572208
8795015
19662656
19162618
22044784
21813693
17712265
14642365
21726653
18926913
17513134
20932914
22227135
18927264
21592468
17499158
22119526
23103309
23024632
20044898
22426349
21520346
18165283
21095230
14693189
17900977
16183659
12482102
16487570
8742480
22909094
22291664
17217927
20951765
22387471
16122916
11090721
10890041
10883389
8561199
21107378
22491861
23279178
15831067
22957230
18571388
22429242
17671875
21391267
17671874
19410583
23056205
18191573
15683197
15795134
21216293
20808182
18476765
19837416
22984460
11704079
17215168
21421061
19179050
21106827
22374263
15616129
17197198
19386910
7582669
17335325
18002281
21556277
21297966
21068318
21194569
7477975
14993603
19530219
21861684
19497366
22318762
9950068
14629703
22019361
19680466
10997565
18457502
21687724
9430348
20027574
18296073
15458588
18296070
19884226
11550260
17375193
16791388
21926382
16381189
15537672
22262029
20093525
22748628
22531485
21618667
15652316
20869953
20656043
19949483
19949480
19163962
12504288
20809855
21160013
22418015
16112588
18787230
20206702
19761851
14741655
9344820
20153764
14741651
23044278
11438396
20093190
22445785
17951077
23065787
11373136
16540348
21741443
19184648
20332062
22409159
9232998
10227106
14583744
18502782
20198152
15198268
22514324
17488207
10629847
21335671
21935985
17028562
21807471
18413571
18042726
23151958
19059344
18761094
12880805
23459252
19523523
22049970
19920032
17217239
18634888
15289384
14972400
20044009
21854961
10601156
20740080
10554993
21854964
20370667
22553018
21854969
10025606
9391022
17222539
15660103
17171338
15038007
20584993
22691500
21474509
15179026
19779556
19428395
18280077
20202082
16472720
21976523
12805112
22874167
16364895
22919431
11906231
20055551
18520990
15923128
20463201
11906237
21333466
11156772
17681983
19111443
19898290
22495745
19969089
22468608
16704087
19564918
20807056
19360650
17199059
21625578
22623659
21829681
18288254
21511369
15501100
22433048
22108643
17978028
18463875
22933788
22418271
21128784
21948903
23036282
21358846
19356986
23143344
22411802
18793734
8965174
20426050
15488418
23276398
21525106
21764265
12814589
22936519
21693784
17904387
21316462
15795808
23041334
19703570
22448303
12468015
9408041
18002155
12598632
12446842
9345494
15340158
17274019
15862911
9295098
15193597
23274609
20817103
22945621
19698726
22131397
22279224
20338245
22728304
21824842
19261422
16198714
17919466
8959606
18588876
19720089
23382713
23366444
17336548
21338547
21077135
16206748
19109459
20974959
19240829
19822738
18633819
15866328
12628176
22293987
10484819
22615555
15850742
15850744
17965128
16108017
19744893
15670701
22323632
19139412
16453310
16615165
20610756
15166100
18030335
19401185
15843592
18599316
18501895
20561955
16399806
12906247
9794291
18408087
19789220
16679276
22163223
22119651
10758426
18635705
17977762
21957241
15144421
11320870
17622649
18834906
21813680
21719430
18427123
11353002
17997330
22158134
21958459
20960322
16406817
21441989
16555213
19013557
22505275
17336944
10458594
15200706
21385616
21078708
22202190
20970337
21875672
22661411
17942721
20553306
18093532
17638594
23033930
16027011
22773540
21045001
19420256
23251203
20663964
22171282
22524370
14512288
18194807
22701409
23209619
11410951
18820290
16518013
21646444
21713979
23188762
19036975
9855503
20851770
8646313
17046857
12498746
15777860
21039946
19780042
8594036
18511023
22115148
18093622
12823480
21840845
11805340
17156764
9223094
22514317
20371508
17032778
21509860
12692427
12807408
20829306
11856626
22634856
22634857
23035076
12655065
11353732
15567705
19524531
17442821
18708149
22921472
11697927
15592647
20484322
20231838
21430147
20082333
15448530
20171727
19536435
17802919
19914263
17659885
14556104
20724114
17505817
18664576
21211567
22732560
11266013
22052704
22615837
14741648
11112395
14615297
17546682
21621224
11922877
20417713
19162201
21051474
21679770
21757239
22319550
19925871
21893680
21893683
20553873
16087435
16087437
15281138
8519605
16150800
22322184
10363454
12887991
22329975
18702583
22203808
22814146
17698699
21237182
20732901
21415716
19679192
20051357
22870191
21298283
11718893
18486975
19236927
21835242
15294210
22465619
22345089
21624474
20653828
16603922
16455407
22703623
18088284
16168295
20373348
19331781
19035097
15465453
21831362
21849979
10660297
20510255
11189943
20844478
19616045
11287374
22750156
22172781
19853664
22432423
22937070
17240164
21829668
12588917
22919427
21211569
14741637
22764248
19479070
9408100
21159322
23285609
14568495
11156761
16687067
21924874
19037205
19074498
20484643
21616155
23158577
22698449
23367161
18586235
18586234
9163390
15721179
17716820
15488425
21182118
11282705
17398118
15488426
20479939
14587015
15193615
20052528
16087450
10080270
16267114
18977091
22865697
18482771
22436416
21600684
20200850
22432957
22432956
22432955
22432954
21251014
22559620
12704759
9918729
21185903
15717246
20127869
16631203
20627130
17994187
22047966
19497858
16631206
21365716
22254926
21703498
18586526
18215860
10220229
18843113
14679386
18022652
20398773
20028354
19349925
15016382
21775613
22892422
19075726
19794238
18602092
20850237
22905151
20602432
17445301
12467863
10066177
21872614
17656840
18784304
18633808
12105310
14665685
22120108
19948227
9010971
22279430
15464413
12766363
12167756
17268387
16392054
17297219
22836173
22836172
10992313
19874967
18403217
14755593
12591565
20797541
21575727
10494949
16262647
21743819
23123786
22433609
12626765
23123782
20034062
18282571
17594628
21890111
19944765
19944766
9588420
14980580
22721380
17303390
19730137
21810781
11948739
17512757
18630542
20083395
18495496
19875216
22772933
15319517
8879456
15319515
16290108
20363957
16426890
16324797
17896791
16944489
19294651
19294652
22182770
19669480
11870923
22101380
10403215
18760691
19098020
21167947
18820405
21167945
14574579
20728875
22476744
22357860
19414287
20157644
17704812
22634066
16051174
23109909
21883951
9188548
21676991
22456582
22644182
16963281
17942734
23172213
17942738
21255663
22484308
21964552
21061852
21259388
22403155
22403154
12616082
17983481
17853295
10825357
22574569
12591636
12591635
21439388
21078980
17425847
21280914
17368987
15939438
20357688
22611015
22975389
17027390
19075356
17215145
18191524
22197743
16647086
15843789
21975202
19429864
17525983
18028882
17293859
20056151
18236036
19415481
17874333
18536699
17429634
20203176
22480914
22239574
12431754
19245841
15957578
22952990
19001356
18358744
17504643
23227139
20861065
20086330
15198455
19566254
9846279
9682193
19539770
20860792
19166996
18465800
20502989
17482411
16102235
16328492
9576255
22375109
9728954
22429073
22723888
23251232
20139679
20005962
17986935
18301756
19457398
22348896
7597156
20465354
11732705
8720328
20035880
11333370
15930046
22114191
21503649
21827859
20005216
18466688
21437634
17531541
15246282
21731479
16822682
19446638
19639552
17946435
22275890
21861783
17029760
22459915
8871097
22275896
11112256
20962241
20661837
22664323
20807850
15195287
17488772
16583364
18041738
19028382
18041737
8569444
18644454
22664364
21945849
21849560
19560547
22031711
11835371
17963799
18486229
21684262
10840634
20505069
15987709
17475514
18206189
15539775
22432419
21843550
20682354
21568633
21949769
21384082
22432417
20624294
23565014
21524704
15602408
20146653
16271484
10231175
9799347
15100699
19026670
22917671
16413798
23182679
17717701
17665733
12668360
17881128
20954429
20826433
16267855
21253975
15236366
12668235
19778617
22784605
19121364
19559043
19195646
17208459
16802856
21921503
12400400
22254809
18056577
22832732
16718669
19805418
20858546
21109663
20064275
16594871
20838471
15193601
9345586
11156198
17560689
21506166
21775739
16364549
20799834
18455930
12203759
23108248
23108249
16428053
22764345
20519550
16342150
22569771
20964953
9918735
22617419
20491962
10548774
22840629
15381867
15982816
22613740
16412865
21368198
15517279
16373653
21915189
16490418
20144694
14572916
17050704
10442719
22905029
23285615
23285614
15355004
19457368
20034617
22807242
21723948
18599573
19050764
15589104
18068690
21247857
15723412
17113313
20532906
17028561
18281412
21965419
22493589
23050006
22512333
18633834
17517680
19678593
19439183
16735179
7824705
20460593
17182226
15240967
12814576
19327402
20399582
18050246
23226208
9423676
19164756
11672623
16434214
21887352
22982484
18718456
19046373
18979383
22082460
10329289
22178817
19398308
22661413
16037498
10075903
20410728
22900206
15808991
9212281
15134700
20621984
16680688
19733670
15019710
20888628
21389234
10407059
15319520
18003253
21145042
8795024
15670703
22220190
19294642
18838032
22330428
23248583
21232578
20467110
11929568
20541019
18266983
12455680
16235441
22378166
9008514
22833043
10890038
19107751
18510447
21997740
19107755
23073642
19395526
21743472
19395524
22134472
21255124
17012690
9122419
8960633
16138552
18631977
10491813
16227444
21861988
11939694
11161356
18794493
12499854
18043765
17418888
21391259
19844211
11506654
15829087
21889520
20079755
21203387
10982748
21106812
22357844
21106817
18617569
16002305
19597090
20682351
18211236
22344980
22432452
16023686
22046159
12374500
19419593
19327997
19648173
21616985
21387380
16023375
19964102
22047963
21238595
18367601
18090425
20973211
18276852
15006042
20594394
16496032
21343409
9416644
21880911
23133518
22480296
16497520
14643085
16605307
16337135
17287445
22427332
22233604
22291667
19964995
22420593
18633773
22830242
14499465
19922310
21278912
9421831
22333511
16772313
20350057
22375114
18387582
19249748
12654355
17047449
7609839
21852978
18823250
20097295
12083305
19918055
16493681
12948734
22594996
21695081
22255465
21181800
19461018
20336685
22399779
16698189
21931296
17979124
16761271
15375348
19910166
21733887
21351832
16473021
18095282
15707791
10861020
18095285
19580873
16251214
22066003
22452963
15343432
15652301
20659568
21841767
17460070
22717698
14646796
23019004
22948550
19571734
12663093
22965696
21437717
22737141
20886578
19281801
16480899
19706320
23469600
19193886
14592378
22959813
20661957
17266102
22935967
19331523
20974213
22073252
21414910
10985287
17266108
19557845
21109007
17509833
16723542
17906328
16839297
19180558
22895727
19166946
17318301
21056678
20702071
21056675
23558466
17080435
21477826
17015030
15365136
15860338
23113529
21494597
16253520
15831409
8924044
14741685
19947462
21590261
21952071
22322441
17472983
21943255
18657622
18703089
10980036
20100584
17113259
16768376
16861007
9647445
10408766
21420319
20610743
18416976
19015835
19777579
21073960
15094489
21908183
22666197
11552019
10743012
12884668
12451463
8841960
22432958
21761688
22571349
22170513
21761687
21896765
17467956
19896540
18256259
7472554
19350547
22171056
21624430
17543543
19688099
22623534
22155375
17566684
21368161
11950649
21516202
22912831
16855007
18584986
21878600
19015108
21743098
18952275
19892020
15627595
18633822
23129559
17678861
18809837
19321919
19240963
20392276
12397873
18495165
7632119
23316175
21307231
21796834
16275138
16452642
18675555
19347874
20171847
16950222
22982343
20736069
18346644
19450693
9427367
21387372
20154013
20154012
18089297
15050570
9256111
19571142
17264254
21808745
9638258
22431380
22451482
22063092
19850134
20503134
19423079
17433093
11525339
16885422
18490193
19375076
18469021
20456928
22579727
11668654
11668652
14625150
21111052
11320448
22868938
20337015
22212597
20578173
11748747
18785576
22510724
20493954
19580875
16714123
10777796
15275919
22120754
10879446
17504647
19107748
17190967
17190969
12738893
21574212
23313012
19903736
17404721
16687157
18375149
20953235
20884015
20953238
21376754
17097071
21885716
21901566
22624092
17701221
15884020
14968340
11241702
22569542
21707827
15885517
22431268
22371619
17896395
19936244
12902031
22371611
19212445
19895564
17361489
17258910
10952732
22910405
20580319
23027942
22137506
21472027
22464826
11477648
15745949
22005592
21232817
16765065
22342804
15110019
17633696
10493901
9651128
23251496
21484955
12191626
22465941
21248113
17182769
18540914
21956440
12854871
11571035
17715354
20624586
21267430
10803345
10401590
22732489
16514105
19266261
10320212
22497877
21266125
17234951
22369993
20120272
19727598
20974260
23093519
18685351
22366081
21435935
18511300
17157417
16235874
21576831
21048903
9858273
22640392
21646622
15955503
20660273
10936919
19702469
21976411
22766854
18979834
23101745
17413651
20356959
15758183
18187518
22291848
22498714
21811478
19517529
12880825
22701611
16996009
21030092
19995223
21613498
22846658
12477352
12754652
21725037
22056201
19690505
15050867
15050866
11501743
21632648
17974718
21335014
19027073
21228297
14745221
21130115
19321134
21633398
21695183
22480729
21847380
10458314
19013531
16092075
22517255
16419098
19738902
21253556
18486490
15852384
16162427
22637967
11603785
18486491
21893524
15804425
15009230
21893528
20525535
16545966
9817415
18094242
21236648
9493201
22590539
17002519
11136929
19074351
21601832
17698205
18667160
18930182
11105715
19675242
11784802
9498598
10937394
21130224
18667767
12611986
18314269
11834604
16846859
22487186
23409741
17920023
21138755
21969565
19188113
16326117
16012272
18434197
15193626
17651935
19569073
19135071
22282432
19729174
17283203
21175012
23144995
22384265
22750679
17636560
21094663
20082973
16467392
22571931
12821520
20960002
9220109
22422724
17067740
8624877
22866182
19434601
22855795
21762783
21821135
14550677
20669170
22745745
20114080
15601517
22855554
15601512
21590504
19244357
19789470
18614290
21347880
22254919
12439564
22771500
19698093
20061122
22723670
11278194
17503130
22007161
16954595
15068921
22015853
15700721
20068448
20420931
22968047
22246681
15802369
19914781
12399957
16192359
23185086
18423328
15703703
19646533
17354776
20419095
16881264
19632151
17148833
22404034
18778780
19189086
18242723
20080193
16186013
16427128
23208517
16270245
19428405
11167307
18827458
18299829
20016898
16504223
22737112
23069809
22971086
21282317
12204216
12695101
19503087
23185566
19694254
17662621
19961940
11358667
16427028
16670180
22459338
20964592
20005043
22233778
23029148
19345736
20558203
17136593
19299197
19747552
19162202
18515323
22010901
20950795
15052786
19277108
15464350
21277895
20060050
16600640
23055494
20503118
22260958
20520835
12458787
19427632
20376602
17626038
9921682
18244700
23115183
9094089
17296913
19442869
18054708
23115342
21832202
21354205
16257236
18266216
19961836
18403397
18007181
21076588
18835656
18650489
9754438
18665211
22837744
21880922
20385449
17359913
20529938
12136383
15506872
18635699
23055488
19433892
10978688
11379273
20007472
8623110
18550592
20847425
9385058
16543814
22985900
18573531
19682051
19666074
16696826
19896958
18343687
20123913
17186721
16434417
21502525
15788269
22616163
16883501
21277327
21977016
22371590
17190824
19603407
9888393
15570508
9554428
22842146
14643069
16281291
20562317
22409909
22414594
20053886
15543513
17677503
20374289
19577398
15508149
20625170
21969917
17596437
16904911
9818676
15912760
19460446
21931653
23029036
16518160
22559836
22811008
20656038
11827876
12217967
15072678
16533609
17576096
20356544
18246538
20522269
21442040
17983966
22130224
17983962
15813998
10936920
16473462
15488417
18823239
9238499
21273403
22403553
22428013
22188383
20689712
22461380
21412403
19034902
16051500
15625411
21932265
22661964
15192245
14527577
18565455
22815908
18002275
17950627
21209846
21753011
22529823
19167811
16876130
21199445
19410587
18325666
12070718
12097844
18064584
21122819
22511914
18406629
18064582
17375041
22717679
21122817
18160644
14527618
18063588
22902172
22319604
17394212
22079109
12599281
19465137
20494966
22542844
12702705
20354002
17448452
21828200
21781000
22332720
14976306
17258909
18344173
19023124
21751096
16427322
19675251
22973199
17028117
20589941
17913907
22913924
16324982
17925794
19577651
21415225
22254859
22132039
21311009
19427522
12880828
22360595
17996812
17060367
15956516
20004724
9343992
17459915
23028644
20810879
10458943
22732562
22101143
9843238
20581682
18796542
20946915
17328781
18452757
21378114
21954571
15625415
22851197
22569187
18952674
20132895
22569188
17432092
15122718
22019857
22569215
21744218
11003270
20864126
20736866
18343163
22468617
18520366
19922803
22487039
23064084
17541057
21761665
15860339
11378891
20630656
11771972
11771971
10389670
21047558
19826083
8613838
16855008
20739559
22682903
23286108
19853007
16767759
19620181
20600999
20420927
21254608
22433008
22433009
22433006
20339180
22433005
21775675
21477655
10599766
12296640
18499266
18849131
22247501
20668188
14597294
17146014
11577239
16753206
18633845
16702002
20935339
23206727
16037086
18370593
9870415
22055622
22097759
17708778
17908336
17122041
18158226
23108273
19800293
12204303
19555933
17916656
22658973
17765211
22658975
20399735
20408195
10719266
21274687
18455740
19844241
23367098
18985137
18985136
12135974
21616969
23367096
23367097
19847047
22333920
23223302
20373425
21816137
18675034
21760903
19559343
20633415
21511443
20379133
18423426
15564579
20665594
21044687
22425432
21255591
22154332
21514570
19914337
21942764
23162463
20561919
18578599
17406613
15123027
22536176
12628730
21048216
18234519
21310247
19770821
23217748
19777557
21983182
22647468
18234512
18789154
22682016
18234517
21452944
21452947
21669292
21998100
22705717
21452942
22886013
19151880
17400538
14642459
15038005
20965253
12703015
22227047
19844243
22888314
19589603
22326672
23119078
23247924
16494683
10542354
22197785
21903032
18674627
21677157
23118875
11573918
22766721
15091348
18234477
23087635
8578072
19759202
17290368
19455919
15091346
15091345
18611832
15477542
22775772
22431642
15944370
17138570
21620984
17968590
21871569
21923785
17702606
18384958
21615187
19829380
10437281
16616940
16278872
18766152
22405935
18547769
21095105
16197683
21975109
19956088
21482762
23361483
10415674
20875802
22434213
16779797
7727154
15597160
21888979
22934058
21720110
19666829
16529951
20970506
11231177
17652463
19507157
17652461
23326685
21273134
17174987
8679318
15110032
21110988
22081100
14511835
20696892
8752393
12595192
14587019
19129383
22484405
10203330
22484408
12234104
21377494
12948688
7472384
22809025
22114083
11673329
12607023
17868055
15634768
22792494
22442088
15246553
22813951
22792493
16092131
15978019
17686438
22860044
16306323
11554799
15278416
16306320
21049093
19530277
18632890
15766766
11486346
18234695
20681014
15769497
19236925
21701225
20570660
18064590
22529785
16120910
10212553
20542494
10893535
21383234
12697626
21438875
17617172
21130141
14527608
20394899
18639236
15610973
22912605
18568899
18446160
18996505
20128855
21527724
22749971
20703959
20096307
16339798
16954916
21557387
22308440
9509268
10071093
15522243
16421332
19176816
18180655
17011792
21153806
19497696
21269293
16619637
20381584
21839841
18786616
21257326
22470320
12948704
20004253
21995035
12880810
21471556
20844644
21471558
21834102
16520329
19163619
22245638
23051156
16636288
17329425
15176717
17075963
15050339
20011541
10554000
17164821
15344495
17240066
22041534
19521974
21076807
15344493
22693339
19158105
22507228
22507229
22737995
17900976
8543902
17654574
23118015
15622614
11003269
19116795
22432952
21347270
23001727
16777436
14728918
18231790
22234380
16342284
21334442
22504766
17889599
18083492
16767760
21772143
20211741
16373457
19608368
21185083
17442525
23165015
20426148
20814961
19209956
20814964
20799057
22037421
16997068
11209941
15670675
21181786
22196113
22090805
22262753
23028287
21259385
16284595
21840129
18189337
22977198
19326203
18534989
22569644
21859163
16563950
18930380
16186033
19558604
21666130
20878759
16718775
21536554
20920489
12850951
18305258
18786643
20534504
22855814
22178453
20573901
22401827
11778822
21858168
21459151
20522674
22584775
21368043
22855813
11443717
22611439
22682158
11181598
21938266
22203319
18588986
18597554
20542121
22131379
22036177
18985100
17210628
17888408
19683585
17689962
16875801
19254342
16546406
21880941
22371351
18002726
20181590
19199411
22155326
18545916
18420426
22278663
19199417
18722512
11587893
22219266
17694385
22846660
21860094
11707091
16765449
11707093
21441920
20123468
19759528
21029780
11592989
19001272
19585386
21979383
17482837
20921510
20096788
12805106
20480221
12377148
21107673
19055973
12203683
15809557
21795550
22116025
9457183
20385663
12590843
22359639
19189286
20408187
12766178
11409740
10724112
22027088
20150343
11496135
12414281
10542341
18181882
22764240
15172382
21842407
20713505
22078745
18395468
18395469
18571795
22933378
10790887
21354315
21817091
19076405
21692148
22232597
18308711
21692143
17293573
20083798
11889514
16116454
11697939
20884359
16850255
15561504
21762876
22632732
20884354
20843875
11968139
21089649
18416677
23152634
17504783
19834573
22798339
11241803
17223578
19640477
19640471
20096530
16307262
18650043
20708083
14586926
20162605
22593861
22428022
15597038
17329130
21954000
21592470
10869575
22593071
20060129
14630229
19307251
20170838
22130207
19744566
20728555
12414285
21167644
9438439
16254997
22470352
20869375
17485733
21272937
16254998
22846285
19420091
22255425
22842906
19803683
12948693
19803684
23137946
21051551
21525993
20808138
12562572
16713204
9430350
16385021
22521254
21054353
9798085
11050133
15215213
21621371
20139975
21613466
16574580
18216206
22634212
23082102
17032710
22087089
22973203
22973202
19580380
20456892
19580387
17295631
21096408
19673209
22973209
19673753
15465432
20631840
23115550
22347423
19531876
23115554
12679299
22912611
22732492
21272595
19603243
17215478
18221282
18214457
22658706
15814000
11571591
17468956
23346586
12112762
18838043
12112764
22791801
20740492
22482925
21839617
21613601
19874899
19176826
19176827
22004983
19828443
19286464
19329571
20477280
19472423
21810986
21296864
16502496
22363462
21878933
16835247
12880804
22711646
21478071
22796990
21303682
22049421
19371782
19406904
14527705
17475433
8978388
16092331
19786106
19048104
21096881
21763435
19121336
12202078
22987774
21172363
19054502
19614981
18668627
20879326
11818573
15201316
18716200
22507230
22305453
22285110
18185099
9345533
21970560
9345539
21761649
19823981
17928451
13679279
19074013
14683724
19092609
22949649
22952459
20164350
22565099
14684194
16387513
19481159
20528163
22808124
16463848
14683720
16477094
21477817
10725191
21673406
10600416
15589559
21246665
17531309
21912749
17549877
21917999
20108218
20600971
15901409
22982622
18294683
17712783
23165220
22892245
18698355
18790875
19524887
22207247
19620724
18534991
20607750
20095437
21111833
21111832
11691686
21111830
22750324
21514392
22819124
21703783
20057496
18365029
12005883
22808050
20408238
20016001
22024432
21971464
19948949
22593075
23142067
20533562
21674197
22433660
12382208
20576647
18000060
23142262
20172508
21191479
21191477
18004946
18989108
22480771
16143498
17450579
19811772
16545552
19152542
20373402
14514490
9402234
15738097
21085530
22441258
14652104
23051903
21590316
16914982
17923631
22085135
17363281
23146963
15705610
18722508
21238594
11276097
20056155
22510433
15744249
15820708
21958651
22832212
20071521
16364661
17307790
22981811
22291663
23007549
21569273
19172653
22884825
22116038
23367343
12377172
16540350
16341210
19301994
12921348
15169688
16201007
22072665
22559794
23097678
15792902
20363808
21205435
12811734
22996793
22196329
19035098
18053746
15581812
20934519
20821063
21241721
22983386
18395471
18385483
20845396
18842889
19470923
21653286
18682272
22140572
21960496
17892384
22738227
21820518
22510722
20053383
22281673
22537768
23000109
9758741
20061644
21713118
21964480
21812560
18375529
22426351
21812564
21964488
15194888
22819939
22970130
21687438
18383250
18940230
19518488
22348053
11968459
9832214
19699805
20620060
11844728
22524276
22461404
17576286
20502992
20818513
23141073
9421177
9789725
18829095
10433130
22421014
20408236
21739697
18565765
22245351
21075229
14702248
22457485
17456867
22766141
11760690
16963517
15449354
20483700
11037096
7624487
17894381
17510590
21376815
21376818
20668272
19285072
20886327
21714000
17287508
23160910
20398774
20336659
12520413
18450481
21932261
21146616
22701655
15862214
18164158
18757982
22631619
21932266
22631617
21753010
17457796
15882784
21152340
21152341
20637877
22001164
22001165
18325636
17239620
8622951
22399758
20566485
23231650
22588992
20399274
23175855
18982241
17360163
22742947
21144497
11034224
12414280
18632120
21448959
17065561
11295343
21994389
11295344
18777212
22925152
23040802
18607148
20974268
22801286
19418556
22275894
12599275
20697829
16023871
17212543
18507885
20177767
16815966
19923436
20156573
17064940
15279056
20731637
18602483
18602482
15209063
18977409
10751486
17767510
17098446
18536708
21123578
22047730
19463696
22256225
22256226
21854855
19969092
9261818
20130194
15654255
23174297
18989458
21864459
11035796
11748785
16417680
12457755
22928766
11752999
20130756
19467298
18987529
12899920
16087440
16087441
16087442
21394853
12667857
16087445
16087446
21070788
21896062
22433254
19963833
15110014
21199958
19889990
20600369
23110882
21396459
23110885
21907811
19457380
19457383
21522166
11839597
21150912
21726580
22892831
19689332
22659444
22173758
10502750
20726875
16102624
21159952
23226322
14568466
19284230
14568468
21500261
18199764
16413049
22891054
12873805
22616011
12601097
20600962
14625454
11407441
17478105
9068004
20064767
10841380
10781270
23119088
12843299
21396454
10221583
15758949
17385077
22344847
21765181
22049362
16671094
22408630
21882457
12022962
15238443
19818232
15238447
20071145
18003187
21399975
11513911
22475381
22212987
21317356
21497657
20121443
20861384
18835582
21501488
12694897
17410280
19703428
19403118
15269960
15130584
21540080
18281017
19717138
21055874
22668988
19940187
15820646
23103689
12886479
20980597
19645559
22162154
22298328
16135779
21961040
21693094
22189289
23256049
23328350
23479459
18573266
15010111
20561569
18201838
22570705
22658819
20648644
16140287
21674693
20008375
22536289