21575682
20362676
22998867
21811568
14608034
12377163
18234525
22847713
22496909
18343159
21722703
17628434
15924866
17533001
21555604
22490500
22644759
21669407
22708993
22915997
22915996
22940641
19320546
19712744
17644415
21938756
19079541
18632934
16973382
16193469
22000080
17894392
19619661
21097318
17928332
18952917
23286111
18777560
19307050
9339448
22393019
17686466
22056529
17991778
22160708
10636139
15769206
17992085
17992087
20934985
20974272
21596533
17493957
17876242
22666461
20428970
21976396
23067727
10601675
9558644
22936906
22936905
22987751
22285603
17910601
22467830
21172692
15615089
18382276
19336392
19782143
19515922
19559684
22734382
21927631
7665421
20976739
22108503
22108504
22796989
15488408
22796982
14568479
22796985
19118180
19118182
18814461
22863548
19864557
9695877
20299799
9344822
17071224
19940175
22581200
19940176
9344826
22128669
18840533
22809741
18077520
21693087
22567832
19800943
21723396
16122916
20542991
22832566
19334545
16945421
15733794
22403536
15733791
22387165
20376014
11697927
23273724
17584775
23226956
18790063
21349545
16206130
21390284
21390286
22019860
17307337
11571035
19345786
16824972
23017873
11121694
20444566
19770058
22558196
16740378
21620708
22562716
12450490
16850117
16407110
20800649
21498351
20829245
23251704
18296434
10202577
19152735
19583477
11033217
18479871
18479875
20724031
11746942
9853648
15707797
21907292
15707795
22229646
20188182
20188183
20188187
20188188
15847570
17108155
22168930
20195459
22248576
22003388
22248574
22248575
22248579
21546073
21356318
22266414
19242052
22266411
23230612
22040294
11968459
19938103
19349234
16632380
23051113
12376770
16162427
11976042
9724802
22514564
21147519
21147518
22684096
19345899
23166657
15009230
20525202
11527277
21251646
20592951
8815903
12212776
21841202
22370913
20631176
19714255
10975887
21159973
20664609
22051223
22497341
22444074
11819054
15705935
22590539
19579230
9740760
23164479
23127893
10383093
21095229
20454842
22274804
22775772
20941370
18839096
18839097
15597160
19499813
22189566
20643934
22811215
22911787
19891811
10378741
14597330
17354068
9324320
16932147
19412534
11199459
17542641
23049617
22232595
21680848
22232597
22082003
21220676
21466793
21163303
20533558
21235308
20533557
20851772
20851770
18331812
22350719
22052285
17476267
20146612
19375455
20364434
12853369
17869314
21992220
16012272
19079567
21571326
22241376
12451150
20934521
23312799
19416820
21193174
11112395
11865144
21160543
21160549
20096269
23286130
23286135
23021898
18307211
22395207
11723198
22549972
22443526
20834040
21766399
22917204
22363208
19255447
22910274
20423709
17329470
22917883
21621263
22941718
22941719
20047510
14725920
21172325
14725929
11122904
22866182
20152133
22664957
22256611
22503778
20570495
21224491
22916152
20381530
20452443
16767538
15588609
15588608
20687206
15588603
15849899
18559854
20065955
22353426
16409074
14642365
21590261
11166937
20426086
22542195
21481335
19649252
19121401
19783410
22138253
20813478
18045924
20521849
9929474
18057954
18786565
22451482
18054866
22688567
19539269
19539268
18172338
19584686
22796505
22519864
20558187
19047359
14683697
21080967
23293594
23293596
15523610
16624579
21520346
21330621
10467305
10467302
22261925
21708219
22048461
20610989
20943902
22457497
19936318
16269111
21425398
22378134
10338344
20598764
20598763
11723277
12806834
19400718
21416561
21416560
16046076
22934122
21072180
22738280
20728549
12524459
19812344
19812343
22557992
19389870
22699916
18521000
17274684
21677275
23131737
22974690
15907297
15734346
9577677
22664567
21515388
21576110
19755103
15784425
15784427
21515385
21298074
16919850
20505110
21500313
22776459
15167540
22776455
18541489
20808693
22147451
22147450
21653723
22952624
20600322
23155479
19036763
21896732
18037453
17646086
21234815
10349031
23197700
22915309
20678494
18564257
23128080
22696432
15838110
17392459
12650178
19955295
7760717
21690259
21690258
22401756
16670180
21871375
22374263
18397518
12704760
17955290
9810483
18519527
17427242
22068921
22169776
17725995
22978709
20715084
20715080
20715083
15305128
7582669
20851718
21339377
10588117
21452938
19539034
16236282
23075728
22721379
20153942
22721374
22721375
21968568
20229392
15502266
15502269
21968567
16702548
14993603
23285097
20815055
22848692
19629982
11474968
21861684
21195697
22140453
19285560
21213411
11435947
20573339
22505284
20600313
19446957
22383502
22881275
20443173
21352923
21352925
21557647
23093925
20739018
20869846
12948703
12948702
21151357
18605869
19963069
18400794
21897814
22236372
20661461
22326987
17094121
22395089
22939367
18706507
18591915
15652307
21570470
18063564
19956404
23230425
10413568
19300473
21807094
18079290
20011533
16585053
22345222
21635235
22020869
23015371
22986358
22986355
22986357
16761264
23284719
21586331
21574207
21855571
19775500
11157563
17274023
21279623
22741094
19595679
21357528
14741655
21195195
19361264
17281600
19351894
12169267
21878483
20832483
17354790
20807578
20832486
19097096
21721829
23355820
21440644
20140099
21440643
22539930
18578604
19356262
19250174
15831395
22624835
19662656
22044784
21726653
18372048
18927264
16361940
23024630
23024632
12482102
20951765
21940437
19920032
22491861
22957230
18571388
16399673
10227106
23056205
15683197
22984460
21609769
21636787
17335325
7477975
19497366
22318762
21840407
14629703
18457502
21501488
19934999
17375193
19931310
21613505
21791169
15537672
20093525
22748628
18486388
20206702
12202086
11373136
16540348
18502782
20198152
18634888
20740080
10554993
22553018
23049832
23049834
17171338
20226257
16364895
22919431
11906231
15923128
11906237
11156772
20807056
22623659
18288254
21511369
15501100
22451917
19356986
12814589
23041334
22448303
23274609
19261422
19261421
17336548
21077135
21077137
21077136
23029036
20470894
16453310
12906247
22163223
22119650
22119651
22119652
22119653
18635705
17622649
18834906
11353002
19777078
11595499
19013557
10458594
18824195
21875672
20553306
23033930
20663964
22171282
21391277
22498656
22498657
22701409
22497939
21442040
22522963
20621555
22315406
19426163
15777860
21039946
12823480
9223094
21096645
22779926
12655065
17442821
20484322
20082333
20956328
20700385
19914263
11266013
17546682
21621224
11922877
20417713
20668207
20553873
16171288
22042444
8519605
21415716
22174905
22174900
11718893
18486975
21411650
21831362
21849979
19616045
22432423
22937070
17240164
17240167
12588917
19479070
20225222
15721179
20116090
22247501
20479939
20052528
10080270
19660675
21251014
22559620
21185903
21612005
20127869
16631203
20627130
19703568
16631206
22254926
22529823
21773027
15016382
18602092
22792176
12467863
19467298
20932778
18633808
14665685
22120108
19948227
12070718
20059988
20797541
21575727
21810475
23123786
12626765
23123782
20034062
18282571
19730137
21797469
11948739
17512757
16290108
20363957
19294651
22426994
11870923
18760691
21167947
21167945
20937938
17704812
23109909
9188548
22456582
22644182
17942734
17942738
21255663
21255661
22403155
22403154
12591636
12591635
21439388
17368987
15939438
20357688
22611015
22975389
17027390
19075356
22848712
16647086
22302824
21975202
17874333
17182784
22952990
20086330
21839174
9682193
20860792
17482411
16328492
23251232
8720328
20035880
22574141
18466688
21731479
19552652
19446638
17946435
22275890
22459914
22459915
22275896
20661837
18041738
18041737
8569444
21849560
19376059
17919466
18206189
21843550
23226127
22553032
22553030
23565014
16271484
10231175
11498421
19026670
21211570
17881128
20954429
12668235
16206748
21921500
21921503
20144694
16594871
20838471
17560689
21506166
21775739
23236076
20964953
20964957
15517279
14572916
23285615
23285614
22807242
21720734
19050764
17113313
23124844
18281412
22204928
20349109
16735179
7824705
18718456
22515798
18979383
22819939
19357304
15808991
15808992
9212281
20621984
15319520
21689765
18838032
22330428
23248583
21232578
20467110
16235441
18510447
21997740
19448848
23073642
11969331
18337009
22490587
18794493
21391259
18607202
23267318
16002305
18211236
16023686
18621692
21900574
21900576
18030335
21387380
18090425
15006042
16496032
20800096
21278912
21349336
16772313
22005016
22375114
18408087
17047449
22255465
15707794
21163879
19461018
20336685
15375348
18095282
15707791
10861020
18095285
23019004
22948550
21437717
20886578
19706320
23469600
22227886
23225622
22800942
18347739
17318301
21761665
21889990
19884607
21889994
22322441
18703089
10980036
20630656
19015835
12811734
15172056
21782031
21782030
17222714
21761688
21761687
21761686
19481159
22969709
7472554
22177602
19688099
18633822
21356313
19321919
19240963
7632119
23316175
16275138
22936095
19347874
21810451
20171847
22982343
20736069
18346644
19571149
20154013
20154012
19571142
9638258
19850134
17433093
11525339
20959433
22006979
21574212
16687157
17097071
21901566
14968340
23133615
21803932
21466926
10952732
20580319
23027942
22137506
17633696
18093532
17182769
21267430
10803345
22369993
16235874
22640392
20660273
10936919
18976716
21777651
18979834
23101745
18431486
18187518
18653667
21811478
22701611
16996009
17029987
21915941
22056201
19499785
19690505
21335014
14745221
19321134
10458314
22510204
22517255
15852384
20525535
20570737
21211551
9498598
10937394
17080441
11834604
22487186
23409741
16326117
16326115
18434197
19135071
20161994
17283203
21459148
22571931
20960002
22578020
22855795
21821135
22745745
15601517
22268094
15601513
15601512
21590504
18614290
21400562
20061122
11278194
15700721
20068448
22968047
22246681
15802369
19941896
21916561
18598773
19632151
18778780
18242723
16186013
16427128
18827458
20034928
12204216
17513134
18511023
16427028
22459338
18515323
16600640
23055494
20520835
12458787
17626038
9921682
23115183
21616969
21832202
21354205
9754438
22431294
20007472
22028788
16543814
22985900
20079856
19682051
19666074
19896958
16434417
21931738
22371590
17190824
16281291
22409909
22414594
17677503
20374289
19577398
15567705
18657923
21931653
21858957
23029031
17459915
15488411
12217967
16533609
18799601
20522269
17983966
17983962
15209063
16473462
21412403
22306865
22661964
21430278
19167811
19854028
18064584
21572088
18064582
21590585
19833321
18063588
17394212
22079109
22418737
17448452
10642730
22973199
22973198
20589941
16324982
22360595
18664576
22101143
21954571
22569187
22569188
23064084
15860338
15860339
21047558
20739559
19853007
20600998
20600999
20420927
20420926
11549616
20339180
17254803
18633845
19955113
22097759
15625411
17122041
19800293
17916656
22658973
22658975
22817652
20399735
10719266
21274687
22659001
12135974
17296913
22333920
20373425
19559343
20633415
20379133
15564579
20665594
20407579
12628730
23217748
21983182
21669292
22705717
22886013
14642459
22227047
22888314
19945255
21903032
22227048
18674627
21677157
22766721
8578072
19455919
22715328
20603217
18845009
15944370
17138570
21923785
17702606
19829380
10437281
16616940
22405935
21975109
21482762
22563460
20875802
23199001
21299966
7727154
15298991
21283729
16529951
22890117
12234104
22114083
17868055
15634768
22792494
22442088
22792493
21258470
21049093
11486346
15769497
22887827
8524021
21438875
21511044
15610973
22912605
18568899
18996505
22890098
23026956
16421332
19176816
22744656
22470320
21471556
21471558
21047495
21362335
23077048
20577585
19158105
22381387
8543902
14728918
20861065
21247256
18083492
16767760
23227257
21185083
20109975
23165015
20426148
21406628
20304792
11209941
22830966
21420319
16284595
18620468
22569644
21859163
18930380
16186033
20979587
22415720
21536554
21459151
22584775
22155039
11181598
18985100
17210628
17888408
17888409
22807280
22371351
19199411
19199417
18722512
21441920
23199762
21979383
21979380
21795550
21856431
22027088
20150343
23224003
20739098
10542341
19666011
19052227
12235839
22078745
18571795
21692148
21122468
21692143
16850255
19834573
22472800
18791470
17027761
18789314
20060129
9438439
23251595
20869375
22255425
19803683
12948693
19803684
21646622
21051551
20139975
21613466
21613469
22484405
22973203
22973202
20427157
21456833
19673209
22973209
19673753
23254143
14696899
22658706
21787167
23346586
22658708
17398118
20740492
21613601
19874899
22004983
19828443
21930901
21296864
16835247
21303682
22049421
19371782
15193615
22528829
19048104
21096881
21761505
20924756
19054502
18668627
23044373
15201316
22507230
23285228
18185099
9345533
9345539
21761649
17928451
19074013
21239414
22949649
22952459
18723676
16387513
21912749
21917999
20600971
15901409
20600975
18294683
16306320
18698355
22207247
22939873
18465747
21111833
21111832
11691686
21111830
22819124
22432956
20016001
19699307
21674197
17707538
23142262
22736565
21701225
18989108
12498753
22677149
20879336
20417253
22440653
20373402
23051903
15717246
15705610
20071521
19172653
21734279
19172655
22116038
22116037
16341210
16201007
22559794
22196329
22983386
21385750
22738227
22537768
22426351
18000754
21687438
19518488
9832214
21687435
11844728
22461404
17576286
20818513
21600114
18829095
21739697
20665717
11037096
23015782
19285072
22985738
21846504
20028354
9950716
21932261
21146616
22701655
15862214
18164158
18757982
22631619
21932266
22631617
17239622
17457796
18325636
8622951
23231650
21529075
18632120
17065561
22038619
18777212
20697829
16023871
20177767
22256225
22256226
21854855
19969092
19497696
20130756
10066177
16087440
16087441
16087442
16087444
16087445
16087446
21070788
22433254
19963833
18412133
21907811
21522166
17399900
22836258
22173758
20726875
16102624
21500261
18641610
10841380
12843299
20130361
20130360
22049362
19889849
19818232
22212987
21691234
21496789
18835582
21875854
12694897
17410280
21540080
20385244
22668988
19344685
19940187
19645559
22298328
15176717
18573266
18201838
18722533
20851113
22233604
21435566
22782131
22521254
21895340
22692554
10576708
18661163
17403978
21228298
16633442
19967599
10841995
21499781
23118799
18838099
11598490
20595202
14673091
10511638
19036867
21778116
21391760
21391763
19944766
20139009
17009108
22960086
22784277
22784275
22624008
18937282
15379222
21035587
21107542
19349313
17315146
18002281
22056459
15347134
20188190
21487836
9880170
17123836
22555821
22069078
15975591
10629891
18950528
19237342
16282201
16404228
18607198
15910093
20394829
18439140
17548818
19041348
14628754
21709236
18602745
21182971
19963621
22973224
15845159
11398009
22513380
22304923
9345510
23109521
18784212
16490418
23169930
20814959
16129625
16129624
20589235
20109973
22045722
12840082
15221172
22711287
21929661
21843646
17326118
17659557
20799057
16632379
19709972
19846728
22108614
22071565
18978778
18589405
17354695
22968697
22955126
8965184
22874167
11784802
16307253
20534464
20034578
14568509
22437567
21762712
22490172
23092697
16268374
12464550
8584633
16226895
21538702
19414287
21840845
18754766
11950649
23185536
21840129
19483110
16837593
9533585
19798637
19909817
19302165
19909818
22305988
21747127
21883951
21078349
20053346
21232892
20058735
18728773
23286053
23286051
23286054
23286055
10096335
15766639
11339749
20948800
15325374
22125634
22634220
17042953
18534578
22557959
22245647
19730736
23194671
22245641
22840241
17191227
22245648
22931977
22842866
15167557
18951556
15456705
14561939
18383291
21076991
22342463
11467910
21858168
17536972
21671733
21671731
22726830
16981864
22735157
16499775
19439588
22767633
22569063
22569064
18412113
20670970
19899828
21567664
21567661
22587751
22710361
9702702
12821854
16899645
22032950
20967203
23279180
23279181
19559798
22407235
23366379
17566768
18985141
22387716
22432905
21995039
23125131
21995036
21995035
20943668
23142654
21440073
22044604
17786816
15219588
22433051
22433050
19259970
22433052
17323222
17497627
18346763
22460056
22508366
23033990
21957259
9836766
21900068
20948582
18752410
21939773
21810628
21784302
20144945
21079751
23012427
15145996
22440649
21629709
23029097
19565262
21362687
20833501
21888982
21888983
18937119
19240137
18793699
16679504
19941658
20493265
20235336
20826657
20623435
22037688
22227618
10619411
16043369
23165872
21984928
23165874
23165875
23071485
19759528
22837521
16624589
22415913
20472076
21484954
20472074
20472075
21484950
21484953
22841307
22798398
18037883
15815559
22514285
22461234
11839836
22727763
15701236
23285609
19101842
18271742
19443186
22964986
19379537
19695814
17428996
20624473
19923280
12203683
21451034
18226833
22993433
19920062
11287131
21854952
20664580
17881532
22659477
11333370
20385663
22633527
22500773
12768582
19629462
22328061
22328062
22637967
18060712
15588593
15588591
12886479
20959121
22654748
19447183
22654746
17015090
18219621
18219620
23049758
21304991
22736526
22736522
22955145
19607927
21256228
22276205
19607928
20589879
22699044
22699045
23227008
23185334
19387980
22196109
20176931
17029760
19073802
21930304
15830595
21206528
22290265
10466149
21842407
20955802
21818285
19414462
20962241
22539820
22593748
22555573
18839089
22742947
12447936
20512372
20821063
20805236
10790887
21925609
22307639
21078369
19002252
15993771
15961229
22972952
20629125
9005863
22722065
16815039
21340747
23276398
20434565
22705375
22991468
19727810
17604651
21741081
22216234
23233279
21362744
18583155
22574926
18793731
17920009
22921472
18752396
17991788
11189943
18002382
23141073
21051928
19818907
20637787
10840634
15951840
22877578
22615802
11244551
22393203
20973211
23154055
20843875
19429043
19710319
10913505
22541167
21949877
20637877
21329677
18281300
11241803
21626860
9120421
20877642
21040571
21980454
20808870
15635061
22808026
15831409
12880897
17629500
14731377
21625517
18374274
22063092
11501738
14980558
12843786
21703287
21333661
22432927
19110062
19110061
11502421
18685351
9799347
22521477
22521476
20220591
22883430
22883925
21041625
21282317
18599026
22935402
18480282
14630229
20655361
19850507
20842164
17189619
16257236
16257237
17178407
22819967
19353669
22819968
21441638
21663993
22633945
17142173
16706860
22761880
10659085
16779797
21430585
17376996
22546028
11459767
9256096
21515713
17904390
20542121
22484411
18829135
12400400
20188516
20146832
16847376
11945189
14568468
19880203
20631840
18423575
22099467
19408112
22438291
10217445
16677944
16677945
16677946
16677947
16157367
21835227
14744896
17412733
19755575
22623966
12083305
22298195
22020117
11169871
21976513
18454458
18413702
21616623
21030316
22408630
18454454
21854972
21854970
21854971
9923726
20972883
22090506
10669519
23108249
22496570
18674847
21519384
22764345
21305662
21365601
22201897
22645252
16757180
21358707
16806985
17937229
22246962
15921932
21095749
20409665
20456892
21316472
20409662
22036675
12746267
22036679
21096408
16497520
22479172
22479173
16536991
17374909
21147233
11163257
19837176
19837177
17936247
19777271
15913008
17049147
21368038
17360506
21368033
20844129
18631949
21878394
21812873
20237243
19480987
21632943
21632945
17161627
17161624
22006990
17050704
17215478
19699190
21813693
22119526
23103309
21520345
21520347
19896873
22039473
22028917
10883389
11090721
17215168
21106827
21955933
15616129
21556277
21297966
21068318
20188659
19580827
9430348
15458588
19884226
9430343
18249420
22446491
20656043
16112588
22961475
20688104
9344820
14741651
23044278
11438396
22409159
20375250
17488202
22514324
17488207
21589884
18413571
18761094
15289384
17222539
12805112
22401285
21683942
20055551
18520990
21333466
9855503
17681983
17602140
14527705
19360650
22086306
21625578
22322184
20732901
20688176
21128784
23036282
23143344
23008156
20426050
21525106
20548945
15795808
12468015
20071145
12446842
22524972
15862911
15193597
20817103
22131397
22279224
23123682
22028765
12628176
22293987
17965128
19744893
22323632
19139412
18445533
19401185
9794291
16679276
11818573
22347423
21719430
17997330
21238490
16555213
22509052
22905075
21385616
20494627
21385618
22992492
20890449
16518013
15172382
21577250
17662621
20005043
23251669
20371508
22079659
21509860
12807408
21273356
21969917
15019710
20231838
20171727
19536435
18951982
17505817
10407059
22732562
22732560
19592571
10599766
19162202
19162201
19162206
21893680
21893683
18649353
18649351
10363454
12887991
22814146
22224834
15294210
22345089
16455407
20871159
19331781
22285758
22750156
19180558
19180557
21935394
21159322
22933378
19037205
20484643
18586235
18586234
22791801
21406160
22436416
20976563
10220229
18843113
14679386
20398773
20398774
19794238
9008514
16417680
21872614
17656840
10890038
12167756
22031874
20084170
16262647
19944765
19521503
17303390
18495496
19875216
22490482
22384265
16426890
16944489
17315226
16340161
22634066
21703783
22422724
21375473
21964552
21280914
22326834
22166794
17215145
18191524
16404743
18028882
17293859
22613871
19415481
15957578
21051474
19566254
23162439
16102235
15486986
9728954
20139679
12377148
22348896
19710357
22348891
21827859
21437634
17531541
16510242
22906787
22514308
11112256
20227250
20807850
22137181
17488772
21106817
18644454
21977016
11835371
21684262
21512843
20505069
15987709
18830955
22308408
20547611
16246590
16413791
20404306
16413798
12450947
19110394
11748747
21253975
19121364
16802856
22616163
22254809
20932348
19805418
20439733
20858546
19450664
22503728
10895512
15193601
23008170
18845262
16364549
21118724
18455930
22438575
15721186
16428053
22344934
20085788
16342150
9918735
22617419
20491962
16373653
19457367
19788882
16788060
19896537
19457368
20034617
21723948
18599573
18068690
9402234
17028561
17028562
20410145
20399582
9423676
21887352
22178817
22178816
22178814
10075903
20410728
22900206
23065787
20547470
21145042
8795024
22220190
22429073
21157880
12455680
21356112
8924044
19395526
23146963
19395524
22134472
16138552
16227444
21861988
21724116
11161356
12499854
21889520
21203387
12374500
16023375
17079517
21880911
16364661
22420593
22805083
18387582
18823250
22269223
22594996
16698189
17979124
21458537
22937122
22965696
15983451
22108343
18815373
14592378
19621066
9736662
22073252
19557845
22895727
18244700
21056678
21056675
18539049
17015030
15365136
17113259
17499467
10408766
22691174
20610743
17060367
21073960
21073967
12451463
8841960
17543543
22623534
22155375
17566684
22155378
21516202
19357267
21878600
21743098
20392276
18495165
23028287
22361166
21817091
11889514
20503134
19423079
18490193
14625150
20337016
22868938
20337015
21146507
22525876
19580875
20561934
22120754
10879446
19107748
17190967
17190969
23313012
18482851
19903736
16290018
18375149
19580873
17701221
15885517
22431268
22371619
19936244
12902031
22371611
19895564
22171056
21472027
21964480
22342801
21232817
22342804
15110019
9651128
23251496
17490992
17715354
20624586
21048903
22970069
22434239
16154446
21429192
17413651
22291848
22102841
17133390
22846658
12477352
22846657
21975588
19878723
20004180
21695183
18367410
21761469
19460446
21568644
21893524
21893528
19289479
9817415
18486233
9493201
19074351
19675242
21335308
21130224
16846859
21138755
10433130
21676094
22987723
20661957
17266102
21094663
16467392
20026486
9220109
15570508
19914337
23139901
22135102
23365829
22855554
20699229
21347331
16296449
21347880
22771500
22015853
22642651
12399957
16192359
19206103
22659108
17354776
20419095
20110617
22404034
19189086
11513374
22022410
19961940
20421249
19442749
20964592
20558203
22313617
19777557
21195388
15464350
22260958
20456928
9094089
17039225
23115342
18835656
18650489
22837744
20385449
17359913
12136383
23024573
22079927
18701759
16696826
22996745
17478105
21502525
21824753
19561062
9554428
14643069
17217239
20053886
22408270
20053888
22559836
22209784
10758426
15072678
23165220
22130224
15813998
22434915
18823239
22428013
15625415
21835242
21932265
22326672
15192245
14527577
18565455
22586478
12766363
21152340
22255319
14527618
21490054
20662902
12431754
22902172
20502989
16861007
20457896
21338650
14976306
20538065
22895703
19427522
21073962
15627577
21378114
22851197
22174743
17297219
20132895
12654355
22569215
20736866
21925236
18520366
17541057
15721085
19826083
18465788
19620181
15275919
22209811
23206727
22312418
21660131
18370593
21801166
21801165
21368090
23279846
20506181
23108273
19434601
20436911
20408195
23185086
18455740
23367098
20503118
23367096
23367097
22044475
8623110
23223302
21511443
22154332
20561919
22536176
18234519
19770821
18234512
18048105
18234517
17827412
20965253
19844241
19844243
21982929
19589603
23119078
23247924
16494683
20120272
18234477
18234476
23087635
19759202
15110032
21330468
18384958
12958209
18766152
20878759
22752234
19254342
22434213
19013531
22934058
19666829
19507157
22326802
8679318
21110988
21458943
10203330
22629375
18952275
17686438
22563003
22563009
20570660
16120910
19876663
12697626
21331518
21130141
18446160
12590843
9261818
21557387
22308440
19923436
18180655
11748785
20381584
21839841
21257326
20004253
12880810
16520329
17329425
23052604
22178142
20645311
17164821
15622614
11003269
18231790
17889599
22698584
21297259
19646533
19209956
22424873
15670675
22090805
22405733
20063361
22076305
18189337
22977198
16563950
18504738
21291958
16718775
18786642
18786643
20534504
21831605
21544072
22611439
21938266
22203319
18588986
22131379
22036177
19777579
19777578
21827007
16875801
17258910
18420426
21860094
11707091
11707093
12204303
20123468
19585386
11080231
20921510
20096788
21107673
21878411
19055973
20621656
20408187
11409740
21167825
12119315
18181882
15083527
22504766
21354315
19076405
18308711
16116454
22366334
20884359
15561504
23056477
21762876
20884354
20139150
21089649
23152634
17504783
16824632
22798339
20725910
21592470
21151992
20170838
22130207
12355013
17904868
17485733
21272937
22846285
19420091
19420090
22842906
18022652
17653109
22912723
21811288
21525993
12562572
23082102
19605539
14615638
19580380
19580387
17295631
10725191
21881566
21111052
22732492
22836253
19603243
12729491
17468956
21839617
21546000
23226322
19329571
22040739
22238084
15198268
22363462
10751486
21219879
16092331
19786106
22242887
12202078
19614981
20879328
15166100
20879326
16904911
18716200
12601097
22285110
21970560
19823981
23011761
22565099
14684194
20528163
22808124
16477094
21477817
21246665
17712783
18790875
19524887
18534991
23285136
11175924
8879456
17372276
16506425
12005883
23060755
23060754
21347270
22024432
20533562
20172508
19778617
16143498
20161076
19811772
22865697
16914982
17481593
22291664
17341766
22291667
17307790
19541656
22981811
22291663
23007549
21569273
23367343
12377172
12921348
22072665
20363808
19416664
19035098
18053746
15581812
20934519
19035097
19035096
17210143
18395471
19470923
18191584
18682272
17892384
20053383
22065778
17404721
20451623
21812560
21812564
18383250
18940230
22495745
19699805
19642887
22421014
17614230
22245357
22245351
23124719
17456867
22766141
19658539
16963517
15449354
22713670
17894381
20886327
17287508
23286108
19847047
19847046
21753011
21753010
15882784
22001164
22001165
22399758
11248106
22925152
20974268
22801286
20974263
20974260
18507885
17064940
20731637
22547826
21123578
19463696
18639236
23174297
18989458
20829489
19116795
12457755
11752999
17442525
22216081
18002729
18002726
20216219
15110014
23110882
16463848
20547857
23110885
19457380
19457383
14568466
19284230
22796990
19406904
16413049
22891054
11407441
10781270
10221583
19022864
19225167
21882457
11513911
20441798
16879844
21402057
19930640
18281017
19717138
21693094
23256049
23479459
20561569
22658819
19235882
21674693
12669220
10320212
15733787
21317080
22387170
19344773
23097663
21493790
15677422
11697939
18194182
22498897
22504841
22875088
17280966
22875083
17803973
12578924
21300489
22206967
19427909
10871250
22438275
20157644
18665257
18329290
22231619
21375601
19393717
11056838
22554168
18262825
22333222
23035965
20204074
23271758
9858273
17368915
12925933
21958459
23079491
11746939
18187361
18339559
21315627
21945697
21760903
21945695
19221144
16472720
22374771
18033768
23550176
18458208
21673969
23227153
16019230
17679691
22409340
11176305
10524607
21194570
22408692
20879309
19309321
21586527
20217379
11835612
21906995
17968886
19740732
23361489
18548822
20634915
23361483
22128194
18206238
18216206
18455837
12878701
18304592
22993529
18051050
23197737
23060772
20807576
22851402
10949053
17499158
21095230
16361943
19503749
9100129
21896497
9814782
17392464
22939920
21618666
21618667
21618660
22711376
22427332
21559028
9800089
17707170
20561955
12704759
20960322
12210932
23209619
20599837
18310995
19146962
17698699
22172781
17148833
21228297
21119770
17090978
21319269
22905151
23041713
21907479
21277171
12906234
22772933
20603148
22484206
22484204
16568419
21637831
17074949
20021629
16537111
21920502
21109663
9278625
21932994
17188903
12509820
20595201
21570425
22629335
15844153
19680553
20308545
11939694
12133565
15877310
22901705
12948734
22399779
22457774
17708778
18028117
22200724
8646313
17678861
10674469
22363273
12205645
15050570
19716894
22596271
21604958
21976411
21912680
22236691
22283490
19210199
12821520
12808458
12808459
19515930
19277108
20202082
19442868
19442869
19442867
17524667
20529938
21490204
12725758
18353589
18246538
15488417
15488418
16303318
22789669
21911029
22178091
15706237
17570347
18675034
22287947
21769991
16086141
17393045
21901425
17888688
19783409
17888686
21643504
16636288
20932878
19608368
23000109
21983794
17296986
18077798
21083650
18786570
14664134
20350608
21703354
21703350
18416677
20302912
21167644
20302914
19384332
22512355
21255633
17259855
11571591
17377514
21763435
21763437
22886735
16598192
22234380
20347878
21971464
21971460
17400412
22884825
21864689
22457485
17719799
21565412
22303478
17239620
19500677
19500679
15193626
19850450
21078974
19442671
9788073
14527591
23070370
18455308
21495114
17320049
22825710
19103296
19546155
20159769
22541365
20345920
16759672
19152542
21872853
20648663
17574873
23015426
11126640
15734358
22266176
15734355
22266174
22266172
15734351
20589099
15784432
23479947
20589093
22030140
20853181
18534567
19555654
22133748
22125628
22689768
19631756
19631757
19641018
22800833
17804639
11216516
20592949
18781594
17560126
22341211
19928018
9068004
21704171
23145011
20493268
22226903
22173012
23285171
22707946
23001620
19494158
10686114
11971086
18467520
21586826
20644633
16861334
23128076
18839086
18981342
22628125
15501096
12439564
21866371
12091565
16476670
18043350
12091568
17239107
21623362
12111473
10332877
20045076
15505972
22307385
21250762
12377132
19264428
22347863
12377135
18254549
22551729
22007161
21808615
21550407
18032658
18562616
16767087
21600293
22908362
19433790
23175546
21768385
15275928
14693189
21813210
21078562
20554884
20101037
16733091
15722206
8742480
23281174
16168295
20093190
22411802
16124015
21078708
22503940
19545617
18307200
21196530
21151362
22915491
19433892
22768059
18801435
18301756
21060689
15050556
21034792
19349925
20602432
19796693
23208517
19615183
18784475
21334099
17884110
19280694
17236244
19280693
20819516
22250608
15246282
15389942
17665733
18438867
22613740
22040897
21188254
10071706
22432454
22432455
22432452
22432453
22432450
22918987
23032387
22115994
22965806
22235031
21408065
16761271
11750781
15976020
21109007
23227168
23227167
23286166
21640839
21984582
22285219
22348053
18469021
19620621
20679633
16082131
22465941
17490991
17490990
20815871
19356836
19028588
22700085
20521852
12500097
21969565
11395018
20521858
20621638
22737119
22737116
23042731
20016898
22737112
18054708
22387608
20060103
18573531
20450959
16686658
19384602
22518101
22770722
20034014
22542844
20801079
22019857
19014532
20610991
15616134
23029235
22065300
20542494
20572208
20869449
20869446
22037421
21377644
21609770
21890111
18620789
20101481
21847374
20728555
20728554
20648644
22699906
22673896
16079793
22425717
21514391
21861783
21514392
17957704
20423509
22574175
16540350
22574171
21777682
11136626
21926382
9789725
17884585
17884586
22751356
17884583
22101380
12414256
21568913
19376064
19376066
20828302
17217927
11677401
21543619
20138910
19805061
15652316
20838644
20393055
22230228
19571269
19964099
20889428
18344176
18344177
21513720
22476744
19969009
21347218
19903877
22696421
22218274
21936901
20366857
22218270
12814595
20159144
9783090
21654968
18702576
22401986
23366942
21073458
16165274
16859985
22052704
20153764
19003478
19003479
22186675
22255949
18198268
20410359
21187930
21980485
9405698
21037796
23185007
21536077
21672633
21248684
21489346
19163745
10948777
22957904
18926913
22210242
20425225
22227135
20845228
20044898
21441991
18165283
22159116
18082425
21238510
18544183
18082428
22387471
21310593
22387472
20365563
8561199
15831067
21391267
21376785
21216293
20808182
15852468
21421061
21421063
22209640
19386910
22879350
19835673
19530219
9950068
17615246
18296073
18296070
22381593
22531485
21295015
12504288
20809855
22418015
22941724
20569651
22445785
21471390
20819576
21741443
21974788
9232998
14583744
23109152
22349892
22729957
10629847
21335671
10389670
18042726
23151958
19059344
23459252
14972400
17199059
21840627
9345494
15660103
19428395
18280077
12191626
17336944
19111443
19564918
21108990
17978028
18463875
22933788
22418271
12105310
17390351
21693784
19703570
15340158
17274019
23046831
9295098
22969735
19698726
18003904
21824842
8959606
20229085
23382713
15100699
21765344
20974959
19822738
18633819
22951258
23055501
15850742
15850744
16108017
19648173
10510191
15843592
18599316
18501895
11893006
22066003
22066005
10390724
17977762
20674286
22652026
11320870
21654735
12884668
21473890
16406817
22431380
15200706
20970337
17942721
16027011
21248238
23251203
19995223
19488674
18194807
21713979
23188762
19036975
17363281
11384907
8594036
20477280
20950795
11805340
19427632
17032778
11856626
22634856
22634857
22634855
18958233
11353732
12022962
16470596
22629253
21430147
15448530
22549209
21296027
23033154
19782695
21679770
21757239
22319550
22275887
15477542
22203808
22203807
21237182
23326685
20051357
22870191
21298283
19236927
19236925
18382468
22703623
22041534
15465453
11287374
21666130
19853664
22919427
21211569
22764248
9408100
22764240
21211567
21924874
21616155
20068581
22698449
15215213
9163390
22815908
21263442
22958829
19121336
18977091
20200850
11259662
21365716
21703498
18586526
22675292
17939771
23143517
22892422
19302164
20850237
17445301
21396459
19779619
21396456
21396454
9010971
22279430
15464413
22217183
10864281
22836173
22836172
20162320
22796277
18403217
14755593
21743819
9588420
14980580
22721380
21810781
22119647
18630542
21733286
15319517
15319515
22382359
17896791
16718669
19669480
14574579
21390119
21061852
21259388
22954259
9450765
17983481
21259381
21259382
21259385
17425847
23172213
11388916
22343026
22197740
17426386
17919929
17919927
21276242
19429864
19245841
22319604
9846279
19166996
18465800
17046857
22375109
18316208
12599281
22114191
21503649
17047454
19639552
20740649
19028382
21945849
21821265
21828200
12692427
22916105
15539775
22432419
21303384
21384082
22432417
21524704
19738925
21482547
16791098
22917671
22281064
23182679
18345980
18345988
11968139
21066884
17208459
21228916
11156198
21371689
15037125
12203759
21369355
22760159
10548774
15381867
15982816
16412865
21368198
21915189
12679299
18590728
15597038
17709202
10442719
22969710
20123114
15589103
15589107
15589104
23050006
22512333
18633834
19678593
19439183
15240967
23226208
19164756
16434214
19933371
22982484
22792291
20087893
21858129
19398308
22661413
16037498
20876002
15134700
19607991
18003253
19294642
20541019
19947271
22378166
21273022
21255124
21255654
19098020
15862232
20826433
21712571
11506654
20946915
22357844
22783172
23238869
19560547
19597090
20682351
20682354
21373864
15157701
19327997
17878310
22047966
22047963
22743194
10487166
20594394
21343409
9416644
21124954
22465297
22019361
14643085
16605307
21338691
17287445
21338693
19964995
18632288
9421831
22333511
7609839
20097295
16723542
19918055
22110427
19446602
21695081
23028606
21667095
17920023
16452642
21351832
22452963
20659568
21841767
17460070
22717698
19571734
12663093
22468617
21592057
21807101
19331523
22298826
17906328
16839297
20702071
23558466
17080435
17553704
22475381
14741685
21952071
14673805
17472983
21497489
16768376
9647445
18787230
11771971
21908183
11577239
22571349
19427210
21896765
17467956
18256259
21624430
11573918
22912831
18083565
22295826
20688812
21175574
21441989
18675555
17499519
22855814
22855813
9427367
18089297
9256111
18824236
23285086
14586926
22579726
22579727
11320448
18838043
22212597
22451310
18785576
20921381
20493954
16714123
20921389
16126922
14683720
18000060
16545552
11704079
20884015
22202190
11241702
21707827
20006713
21402618
20006716
20451869
20496381
21733887
22910405
21958651
21653865
15745949
20471808
21144497
17146014
18768701
21144498
21484955
19393322
20811324
12854871
20668188
16514105
19266261
21394769
21266125
17234951
21458238
20514143
18511300
19914781
16407773
20522270
22255475
22255477
9870415
21613498
12754652
21613490
22895403
15050867
15050866
21632648
19027073
21444068
21862179
16092075
16419098
19738902
17360817
16767418
22937041
22418054
22840629
18094242
22266924
20225278
22153589
11136929
21601832
18667160
18930182
15652301
18314269
19836143
19229326
17025676
22617355
19188113
19513318
19463891
20877577
17651935
22959813
22750679
17636560
20082973
21199445
17067740
22357860
20069392
22807481
20413769
23231989
22254919
19242558
19698093
22691500
17503130
15068921
21854321
20420931
9343992
19435709
15703703
16120794
22365746
20080193
11167307
18299829
21097516
17691627
22138427
17958482
19503087
23185566
16545966
16545967
18093622
19345736
19345737
22907994
21277895
20376602
17935181
16885422
19470806
19211893
19961836
18403396
18403397
21228301
18665211
21880922
20227508
21605598
18635699
18385328
22972637
9385058
18343687
17186721
22227050
22227051
19381298
16883501
21277327
20101420
22842146
20562317
15508149
22858266
20378292
15912760
16518160
22898249
11827876
20665721
10936920
18981063
21273403
17946400
22461380
23119088
23119084
21209846
18418243
16876130
18325666
22395719
21122819
18406629
21122817
18160644
21430142
17538223
20473549
17028117
17925794
19577651
22132039
22082460
23077058
9843238
17328781
18952678
18952674
22649240
21744218
20864126
18343163
19922803
19327402
19327403
11378891
20008455
21602829
22682903
22682905
16767759
22433008
22433009
22433006
22433005
18499266
18849131
19788568
15618785
16753206
16702002
21526064
18158226
21459147
17765211
22255441
17590353
18985137
18985136
21076588
23055488
22344980
18423426
23040802
17281444
21255591
19034902
21942764
18578599
21310247
21885716
22682016
21452944
21452947
21452942
17400538
22276215
15123027
10542354
22197785
10329289
15091348
10415674
23160817
15091346
15091345
21264651
21620984
17968590
16619637
16278872
18547769
20573901
20522674
21888979
20970506
17652463
17652461
14511835
22695315
22484408
20497901
21377494
12948688
7472384
21810986
23133413
16092131
15978019
22860044
16306323
11554799
15708233
19530277
18632890
15766766
20681014
18064590
22832212
22675003
10893535
20132802
20096307
16954916
20566485
17767510
20653828
21269293
18987529
22536289
22189289
17075963
15050339
20011541
22114261
21076807
22507228
22507229
22737995
23016836
23001727
16777436
16777432
21665514
16342284
21761652
20493671
16373457
20493670
23069809
21029780
21029783
20814961
20814964
19527788
23284783
18945892
21181786
20600983
19326203
21751096
20169464
20920489
21170956
18305258
22745496
22745490
22401827
20088418
21368043
17432973
21600684
22573677
18584043
22440648
18346764
21364890
16949111
16416435
18674589
23281202
12876476
11584306
19996041
22116025
9457183
22772649
16919480
16574580
22633528
11496135
15866546
19790053
21791259
8624877
20221947
22938826
10340314
19781755
22766734
12781739
11156761
22008374
16822972
22008370
22632732
16633288
19068486
22461412
17223578
20096530
18650043
17329130
21954000
21531100
19744566
10982748
16254997
19446646
22470352
16254998
21084608
23028644
14499465
20356855
23137946
16385021
9798085
21966479
23016794
22634212
17032710
22245638
19072894
22418394
19072897
15465432
22912611
21272595
21514570
18221282
22010901
19176826
19176827
19286464
16502496
21878933
21478071
22470337
20074617
19969089
17475433
20688177
8978388
23159011
17716820
22158134
22285221
22305453
22789741
13679279
22105156
22706694
21624474
10600416
19074498
17549877
20108218
22235267
22738183
19620724
22683385
20095437
16051174
22808050
20577591
22593075
22593071
20576647
22480771
20532906
22441258
14652104
19964102
22085135
19747154
21743472
19631277
18722508
11276097
23146964
22510433
20072616
21238595
22049970
21931296
15169688
21935985
15792902
22704643
11552019
11732705
22423634
20816974
12165349
21820518
22993265
22005592
18375529
22451353
21964488
23152757
18584986
21725037
18215860
20502995
19497858
14702248
16750615
20139014
20668272
20336659
12520413
18450481
22511914
17375041
21152341
20494966
23175855
18982241
21448959
11295343
11295344
15271497
19418556
17212543
16815966
20156573
15279056
18602483
18602482
22384043
15246553
19355853
18482771
18007181
16202626
18438889
18438886
17450579
21394853
15050602
21896062
21199958
20721313
19889990
20060479
22835912
11839597
21150912
22892831
19689332
22659444
18214457
23129559
22843414
20600963
20600962
23165219
21673406
20064767
19552900
19948949
17385077
18796542
19727598
18990709
18003187
18003186
21497656
21497657
20861384
21304328
20399274
19703428
21871534
15130584
21055874
12498746
21127016
23328350
16671094
15010111
20008375
16808824
21336272
19961876
18771736
22219283
22357634
19172624
19172623
21489409
17916608
21346736
12651931
22217336
22885247
22885534
11559962
19146355
17240066
22289806
22001222
21998628
22426349
21644985
19968042
10993455
20625794
21875890
22484308
22558274
15607991
23010311
21203784
20625170
21645589
19874967
22789908
22631622
22363313
22631620
15919598
14615297
21151556
23250889
23250883
20357471
23250886
23250884
17034034
21727896
20479758
22119646
21676110
22412922
15006683
22510256
22820143
19195646
21389232
21389236
21389234
23099059
21067612
22649063
20571458
21829681
21085530
11467906
9346428
14514490
15319519
22355285
21698705
21798310
19253363
16087451
16087450
19075726
19269336
12220872
16765449
19294652
22738433
22973006
11074868
23165021
19684249
22525159
23449679
9710490
17299507
23124385
11085890
21952143
20885292
20211668
22032947
20932913
23265620
20932916
20932914
12814576
16183659
22075069
17671875
17671874
16626944
21696709
15528111
23097273
19523523
21787796
15528119
15528118
21995024
19898290
22433048
22433049
21764265
22521480
17390353
22433046
22433047
21441396
11988605
17989279
12695101
21957241
22505275
9758741
22673372
23367161
23367163
19687293
20810879
18002155
18211240
21769962
21726581
21726580
20708083
11467923
12807845
20433323
22334332
9772020
20830290
22531427
10426407
22673802
9699694
15006659
15006658
19162618
22038706
20519550
22905029
20347043
20149885
19046373
22487039
21145902
22394674
22394673
17869543
15451657
18326521
21864459
11793159
21646444
21031030
21803163
23028560
17434757
15701225
21881848
17999985
11386151
22016540
17157417
15955503
22016549
20980597
22751038
21709227
23082194
21527788
21527789
21554775
22242146
19376236
19376239
9408041
22815510
22815515
21160013
17510590
19025940
21256967
22197743
20439317
17762708
15843789
18434203
18434200
19091966
22535702
20619279
17913907
22256066
19913622
19913624
19913627
23022216
22281931
20703687
17418888
17915080
19964570
16197683
9889935
15678532
22480914
22955132
22081100
17174987
20471349
19300986
15181366
21220070
20636208
22260935
9333561
22196113
8960633
21908484
21880941
21420500
22219266
21206267
22331021
12601212
18647901
21961777
11604609
22766770
21925611
19783579
20869953
16829250
15275904
15744249
17997112
20837034
21713118
21191807
23286048
11587893
22588992
22481745
22542993
18501969
23103689
16135779
19007997
21741093
7597156
23103687
22575084
20887043
15325361
15325360
20488671
23029148
21976249
20888628
17134917
22355129
20861038
19035823
10493903
10493901
22841782
20930266
9432155
21553342
22393216
22345370
21784971
22784032
22820298
20435204
21554963
22726828
22073890
21949842
19092609
11209064
10825357
12414300
15082152
18461157
23136423
22723670
18350136
20194482
11550260
19208905
22840435
22534625
18299296
17301167
22465841
22990206
22465842
19200075
11443717
22577304
20413448
14980569
22459434
14980567
9819283
21998099
23480741
22617448
21943255
21407123
16037086
19789183
21382330
22275894
22371620
17680602
21611155
21533283
21170073
16828063
22855672
17023184
14972366
21982165
21982164
21134471
19414310
18651270
17617658
16151536
19109060
10208604
17282702
21968196
21871569
21311605
19520177
19560121
20096730
21713583
22396302
19163619
17293573
21109485
19427842
20005216
15723978
20382183
17904385
17904387
15610393
18160181
21045001
15911063
19015108
21331371
21078639
22666397
20003916
16957082
21504797
11358667
23118992
16677939
23028892
23151990
19001356
16269249
16860474
22664364
22056463
21910332
15964211
18454447
12091681
22765879
8941961
15355004
18043765
19640471
19419593
20207188
18591475
18591474
23300524
21030092
18674871
16649206
19559557
18219617
9345549
21871573
19729393
10817599
21256233
19560134
21590316
19779556
23185305
21455940
21094179
19096714
19729174
17576922
16284751
20153834
18635612
19765560
23144994
23144995
21282318
21289179
18550592
18656545
12738893
19777254
22414991
22414990
17936017
20515407
17948882
15890160
12598632
21130847
21807471
22647468
21520351
17615325
21151779
18003379
22987018
20357121
16371474
21813114
15758949
11848715
22925560
15662518
22216229
21408092
19553481
18004139
22629308
21068309
15450228
22889284
9430350
15814000
21312401
19023124
17920297
21338547
12754178
17946484
19100840
9098207
19100845
15050588
20003075
21653286
20061644
17448507
19712459
22580171
23017598
11879658
11050133
20097544
21677649
10494949
16547508
15795134
20879231
20879232
21922602
21922601
22323591
16725349
20589101
17620483
20578173
19549821
21364772
12757912
16631130
19450692
19450693
23279179
23279178
19450695
22809740
21404363
19862509
19288462
19789470
19288466
21536897
17990304
17990300
18661506
22833717
18848805
20850549
22546319
21533116
10423500
17390317
18429028
16881264
22982941
20629632
20622155
22115948
19959345
22669081
16687067
11282705
12062886
21761690
22875921
12599751
20017117
22107761
17115869
21620907
23012417
8795015
20079755
20851147
19375260
21391283
22909094
22425432
20558415
10890041
21107378
21206760
22429242
19290044
22555622
20116435
23118015
18476765
19179050
19937337
14550677
17197198
21296165
20184808
17572781
19680466
10997565
21687724
22787044
16381189
19949483
19949480
19163962
15182317
19761851
21253556
12668360
22270350
19184648
22912754
20332062
20621162
22056487
22262029
17509833
19501172
17314240
21854969
21854968
21976523
22408609
21854961
10601156
21854964
20370667
10025606
9391022
22987670
20584993
21474509
15179026
21054353
7628907
20463201
17156764
19280706
12506194
22809025
22108643
21948903
21358846
8965174
22936519
21316462
19375076
18536699
22945621
22723888
20338245
10969940
16198714
17963799
18588876
19720089
23366444
16919409
19109459
22832732
19782614
10484819
22615555
15670706
15670701
15670703
16399806
19249748
20826306
19789220
17729011
11603785
15144421
22031711
22716140
21813680
19964951
21255705
21796834
19097110
15974906
18633773
22294427
22661411
22773540
19420256
18427123
22012913
22524370
17982452
11410951
21955921
18793734
19780042
20057496
22115148
22872066
20829306
23035076
19603407
23084874
18708149
9238499
22906513
17802919
17659885
14556104
20724114
20725534
22615837
14741648
19765835
15930389
19925871
16087438
16087435
16087437
16087436
22514317
16150800
22329975
19956088
19679192
20946959
22465619
18584959
19457398
16603922
10491813
20510255
20844478
19657971
21829668
18545916
20189190
12805106
14568495
23158577
19531974
16713204
21182118
22029352
21095105
16267114
23002142
20498341
22432957
20619317
22432955
22432954
22432952
9918729
21995040
22432958
21205435
17994187
22281673
19830684
17594628
22892245
17360163
23261142
23223295
20121443
17268387
20526410
22570705
10992313
12591565
22875902
22433609
22480729
19230623
17959471
22285821
21664280
21718791
16324799
16324797
22182770
17012690
10403215
16685993
21677029
22446877
14741637
17359924
20444445
21676991
22829269
16963281
17923631
22301351
12616082
17853295
22574569
21078980
18513352
20378397
20056151
18236036
17533167
20056155
22398395
17429634
20203176
22464826
18358744
22524296
21851856
21204443
19477159
9576255
22046159
20005962
15937010
21193273
19463854
17995910
15930046
17689962
18535247
22428022
16822682
21514321
21047701
22664323
22125521
15195284
15195287
20051230
12382208
21816137
17694385
17475514
19720989
21568633
21568635
20624294
22952978
15602408
20637878
21772143
20927345
22162064
17717701
20656843
16267855
15236366
22445348
22784605
19559043
22750324
18056577
20064275
9345586
23060787
22752783
20799834
23108248
19698149
22569771
20373348
18769538
19058786
22743197
17179865
18977409
19837416
17361489
16493681
21247857
15723412
21965419
22493589
19595739
15598546
20541837
20460593
18050246
20083798
11672623
20123024
20957650
16680688
19733670
22480296
21130750
22960664
21441147
22485128
11929568
18266983
23160910
22833042
22833043
19107751
19107755
17524589
9122419
18631977
18222935
17525983
19844211
17525980
17670949
15758183
21106812
21781000
16583364
17182226
21949769
15110008
18276852
23133518
22484520
20624599
22830242
19922310
21799934
16251214
18842889
21760873
21852978
19166946
21334442
21181800
22913365
21307231
21241721
17133385
15070770
19910167
19910166
17921875
16473021
21216267
22717679
16473024
21376754
22569542
15343432
21554495
14646796
18367428
16180210
21130115
19281801
16480899
19193886
19001272
21175012
8871097
20974213
21414910
10985287
21945276
17266108
17698205
19694254
16735181
21549723
15627595
19636388
21494597
19947462
20100584
19387615
22935967
20354002
18416976
21525427
22666197
10743012
12453673
19457356
19896540
19350547
19553476
11095535
15038005
15038007
21368161
21067900
23087619
18809837
20855296
12397873
17654574
20690141
18786616
16950225
16950222
19539770
21387372
23209584
21808745
18617562
16791388
19627647
18617569
11668654
11668652
19301994
21111053
19226186
23056400
15192010
22848820
17504647
17504643
15527993
22403553
20953235
20953238
21565220
22624092
15884020
19212445
19715709
11477648
22618832
21254608
21248113
18540914
21956440
19403118
22319436
10401590
23127796
22497877
20356959
23052545
8588580
19492040
23093519
16307262
22366081
22366080
21435935
22366082
22056967
20027574
17951077
20133824
19702469
22766854
21126588
9788081
21629680
16840928
9888393
17974718
21847380
22944020
20408238
22750124
18037013
20659822
15804425
9735432
21236648
17002519
22813951
17517680
18667767
20123913
10751455
21451040
22776534
22282432
16337135
22245355
23164495
20610756
15198455
22468608
21762783
20237267
22785398
17681817
21493243
20971474
19188601
18465797
18465799
16954595
17989170
18702583
21516259
18423328
22668562
20859295
23161519
11760690
21368084
21368086
16270245
19428405
23279672
23113529
11039342
12296640
19164577
22233778
18088284
17136593
19299197
15052786
20060050
22427852
19240829
18820290
18266216
21461877
22291636
16827876
15506872
21722740
11379273
20669170
20847425
18199764
18191573
9751778
10869575
15543513
16704087
22693339
17596437
9818676
21856123
15866328
20656038
23162463
16202481
19517529
17576096
20356544
19507160
22188383
16504223
16051500
21672250
18367601
19892020
20044009
17950627
22846660
20947065
18801442
21130172
20465354
19465137
12702705
20639384
18486229
18344173
19675251
22913924
21415225
22254859
12880825
21311009
12880828
17996812
22795367
15824359
10458943
17638594
20581684
20581686
20581682
15829087
23195207
20350057
17432092
15122718
11003270
18190970
23100395
22728304
11771972
15094489
19350563
16855008
16855007
17264254
19541369
21775670
21775675
21477655
22578721
12414285
14597294
16765065
20935339
21576831
21962775
22055622
21994389
11501743
11105715
19555933
22724025
16487570
21041658
17258909
15788269
18846206
21044687
21616982
21616985
12097844
18452757
21048216
16427322
19163695
14512288
21998100
19151880
22563263
21615187
17290368
18611832
22431642
17011792
20938177
19747552
22813979
21442817
11592989
21720110
12766178
19394205
11231177
17908336
19521974
19570637
20696892
8752393
12595192
14587019
19129383
21527724
14587015
11673329
12607023
17979117
9756353
15278415
15278416
18234695
18004946
22002475
22659480
10212553
22732489
14527608
20394899
20502992
20700779
21075229
20128855
22749971
16339798
9509268
10071093
15522243
19931396
15382248
19409498
12948704
20844644
21834102
23051156
20804852
21075593
17196400
15856081
23225275
10554000
19782667
15344495
20510374
17509898
20510373
19621371
15344493
17900977
17900976
22820953
21962981
8613838
20828626
23316178
20211741
21477826
16997068
21872664
16997067
10724112
19684850
22209809
18509068
22209807
18534989
19558604
19160509
12850951
22178453
22669496
12747160
11778822
22122866
22682158
21317356
19683585
16546405
16546406
12667855
20181590
22155326
21937025
22278663
20114080
20146653
16301183
18322013
21798516
15809557
22359639
19189286
22170513
22431250
20713505
18395468
18395469
17556752
15954139
18314354
21530613
20605694
19640477
21425392
23162440
20162605
22593861
22245340
22245341
22245346
17598166
19307251
21265603
17611031
20480221
23020103
20808138
18050322
21621371
20709145
21753009
12697616
23115550
22905818
10502750
23115554
23118875
12112762
12112764
21159952
22482925
19524531
20226489
19472423
18784304
12880805
12880804
22711646
17617172
17531309
17329432
22002597
22987774
21172363
16615165
22231384
22811008
14683724
10777796
20164350
17889566
15281138
18657622
15956516
10660297
22087089
15589559
15488425
15488426
14568492
20689712
20154614
12703015
21775613
20026219
16392054
20607750
21153806
20728872
20728873
20728875
21273134
18365029
21906689
16945915
22239574
23227139
16260155
21849646
22541511
23142067
21697380
22433660
21459364
21191479
21191477
21191476
22085483
20521082
22662152
10978688
15738097
22998631
20096791
21238594
17579609
20655157
21383234
20832427
22737141
23097678
16253520
19410583
22996793
19410587
19569073
18385483
20845396
20703959
22140572
21960496
21063144
22510724
22510722
17896395
22019883
22019881
15194888
19108604
22970130
22498714
20620060
21633398
22524276
21592468
18486490
18486491
22047730
9421177
18607148
20408236
18565765
22262753
19244357
23025619
22971086
20483700
7624487
21376813
22941431
21376815
21376818
21714000
18002275
21865456
19339462
22332720
20004726
20004724
11034224
12414280
12414281
21194569
22910401
17406613
12599275
18789154
17098446
12611986
15592647
21203551
15707801
18620069
18820405
19963903
19859933
22529785
20130194
15654255
22685430
21811449
11035796
22928766
12899920
18597554
12667857
20083395
12482091
17482837
11821897
20600369
17712265
21782246
20844603
19531876
20530220
17986935
21829564
12873805
22616011
20679586
16990015
17881514
22344847
21765181
15820708
15238443
15238447
21399975
22233733
22177217
21041200
22982622
15269960
12775191
18536708
21795627
15820646
22162154
21961040
14625454
16140287
22427328