count
0
0
0
0
0
0
0
5
17
0
0
0
0
0
0
0
0
0
0
0
4
0
0
52
0
0
0
0
0
314
0
0
0
0
0
0
0
0
0
0
1
0
0
0
3
0
0
0
0
0
2
0
0
0
0
0
11
5
0
15
0
0
0
0
36
0
0
0
0
0
0
102
0
0
0
0
0
0
0
0
0
0
12
7
10
69
0
0
23
0
1
0
0
0
0
21
0
0
0
0
0
0
0
0
0
0
0
0
0
2
0
0
0
0
0
0
0
0
0
12
1
0
0
0
0
0
0
0
25
0
0
0
0
0
0
0
0
0
0
0
0
0
0
0
0
0
0
0
0
0
0
0
0
79
6
0
0
0
0
0
0
0
0
1
0
0
0
0
0
0
0
0
0
0
2
0
1
0
0
0
0
0
0
1
0
2
0
21
0
0
14
0
25
0
0
0
0
0
0
0
0
0
0
0
0
0
115
0
870
0
0
0
0
0
0
0
0
0
0
0
0
0
0
0
0
0
0
0
0
0
0
0
0
0
0
0
0
0
0
0
0
0
0
0
0
10
